Classical Q-codegree ; Fine Q-codegree ; Vertices of Polytope 
11/4;3;[[0,0,0,0,0],[1,0,0,0,0],[0,1,0,0,0],[0,0,1,0,0],[0,0,0,1,0],[0,2,2,5,8]]
3;3;[[0,0,0,0,0],[1,0,0,0,0],[0,1,0,0,0],[0,0,1,0,0],[0,0,0,1,0],[0,0,0,0,1],[-1,-1,-1,1,1],[-2,-1,0,1,1]]
2;2;[[0,0,0,0,0],[1,0,0,0,0],[0,1,0,0,0],[0,0,1,0,0],[0,0,0,1,0],[0,1,0,1,2],[-1,2,-1,2,2],[-1,1,0,2,2]]
4;4;[[0,0,0,0,0],[1,0,0,0,0],[0,1,0,0,0],[0,0,1,0,0],[0,0,0,1,0],[0,0,0,0,1],[0,0,1,-1,1],[0,-2,1,1,1],[0,-2,2,0,1]]
3;3;[[0,0,0,0,0],[1,0,0,0,0],[0,1,0,0,0],[0,0,1,0,0],[0,2,2,3,0],[0,0,0,0,1],[1,0,2,1,-1]]
5;5;[[0,0,0,0,0],[1,0,0,0,0],[0,1,0,0,0],[0,0,1,0,0],[0,0,0,1,0],[0,3,-3,1,0],[0,0,0,0,1],[0,-4,4,0,1]]
5/2;5/2;[[0,0,0,0,0],[1,0,0,0,0],[0,1,0,0,0],[0,0,1,0,0],[0,0,1,2,0],[1,0,1,0,2],[1,-1,2,1,2]]
7/2;4;[[0,0,0,0,0],[1,0,0,0,0],[0,1,0,0,0],[0,0,1,0,0],[0,0,1,4,0],[0,0,0,0,1],[0,0,2,4,-1]]
5;5;[[0,0,0,0,0],[1,0,0,0,0],[0,1,0,0,0],[0,0,1,0,0],[0,0,0,1,0],[0,1,1,-1,0],[0,0,0,0,1],[0,-6,0,6,1]]
5/2;3;[[0,0,0,0,0],[1,0,0,0,0],[0,1,0,0,0],[0,0,1,0,0],[0,0,0,1,0],[2,3,1,3,4],[2,2,1,4,4]]
3;3;[[0,0,0,0,0],[1,0,0,0,0],[0,1,0,0,0],[0,0,1,0,0],[0,0,0,1,0],[-2,2,2,-1,0],[0,0,0,0,1],[-2,2,3,-1,-1]]
3;3;[[0,0,0,0,0],[1,0,0,0,0],[0,1,0,0,0],[0,0,1,0,0],[0,0,0,1,0],[0,0,0,0,1],[6,-3,-2,-2,2]]
3;3;[[0,0,0,0,0],[1,0,0,0,0],[0,1,0,0,0],[0,0,1,0,0],[0,0,0,1,0],[0,-1,1,1,0],[-1,0,1,1,0],[0,0,0,0,1],[0,0,1,1,-1]]
2;2;[[0,0,0,0,0],[1,0,0,0,0],[1,2,0,0,0],[0,0,1,0,0],[0,0,0,1,0],[0,0,0,0,1],[3,1,-1,-1,-1]]
1;1;[[0,0,0,0,0],[1,0,0,0,0],[0,1,0,0,0],[0,0,1,0,0],[0,0,0,1,0],[6,7,7,7,8]]
4;4;[[0,0,0,0,0],[1,0,0,0,0],[0,1,0,0,0],[0,0,1,0,0],[0,0,0,1,0],[0,0,0,1,2],[0,0,3,-2,2]]
3;3;[[0,0,0,0,0],[1,0,0,0,0],[0,1,0,0,0],[0,0,1,0,0],[1,1,1,2,0],[0,0,0,0,1],[0,2,2,2,-1],[1,2,2,3,-1]]
3;3;[[0,0,0,0,0],[1,0,0,0,0],[0,1,0,0,0],[0,0,1,0,0],[0,0,0,1,0],[0,0,0,0,1],[0,0,-1,1,1],[1,-2,3,1,-2]]
2;2;[[0,0,0,0,0],[1,0,0,0,0],[0,1,0,0,0],[1,1,2,0,0],[0,0,0,1,0],[0,0,0,0,1],[1,2,2,0,-1],[1,2,2,-1,0]]
4;4;[[0,0,0,0,0],[1,0,0,0,0],[0,1,0,0,0],[0,0,1,0,0],[0,0,0,1,0],[0,0,0,0,1],[0,-2,1,1,1],[0,1,1,0,-1],[0,3,1,-1,-2]]
4;4;[[0,0,0,0,0],[1,0,0,0,0],[0,1,0,0,0],[0,0,1,0,0],[-1,1,1,0,0],[0,0,0,1,0],[0,0,0,0,1],[-1,0,1,1,1],[1,0,-1,1,1]]
4;4;[[0,0,0,0,0],[1,0,0,0,0],[0,1,0,0,0],[0,0,1,0,0],[0,0,1,2,0],[0,1,0,0,2],[0,1,0,-2,2]]
2;5/2;[[0,0,0,0,0],[1,0,0,0,0],[0,1,0,0,0],[0,0,1,0,0],[0,0,0,1,0],[4,4,2,3,8]]
4;4;[[0,0,0,0,0],[1,0,0,0,0],[0,1,0,0,0],[0,0,1,0,0],[0,1,0,2,0],[0,0,1,-2,0],[0,0,0,0,1],[0,1,1,-1,-1]]
3;3;[[0,0,0,0,0],[1,0,0,0,0],[0,1,0,0,0],[0,0,1,0,0],[1,-1,1,0,0],[0,0,0,1,0],[0,0,0,0,1],[1,-1,2,-1,-1],[1,-1,2,-1,0]]
4;4;[[0,0,0,0,0],[1,0,0,0,0],[0,1,0,0,0],[0,0,1,0,0],[0,0,0,1,0],[0,0,0,0,1],[-1,-1,1,1,0],[0,1,0,-1,1],[1,0,-1,0,1]]
4;4;[[0,0,0,0,0],[1,0,0,0,0],[0,1,0,0,0],[0,0,1,0,0],[0,0,0,1,0],[-1,1,1,0,0],[0,0,0,0,1],[-3,3,3,-3,1]]
2;3;[[0,0,0,0,0],[1,0,0,0,0],[0,1,0,0,0],[0,0,1,0,0],[0,0,0,1,0],[2,2,6,7,8]]
4;4;[[0,0,0,0,0],[1,0,0,0,0],[0,1,0,0,0],[0,0,1,0,0],[0,0,0,1,0],[1,0,0,1,0],[0,0,0,0,1],[0,2,-2,-2,1]]
3;3;[[0,0,0,0,0],[1,0,0,0,0],[0,1,0,0,0],[0,0,1,0,0],[0,0,0,1,0],[1,1,0,1,2],[1,1,-1,2,2],[0,2,-1,2,2]]
2;2;[[0,0,0,0,0],[1,0,0,0,0],[0,1,0,0,0],[1,1,2,0,0],[0,0,0,1,0],[0,0,0,0,1],[0,1,-2,-1,-1]]
4;4;[[0,0,0,0,0],[1,0,0,0,0],[0,1,0,0,0],[0,0,1,0,0],[0,0,0,1,0],[0,-1,1,1,0],[-1,0,1,1,0],[0,0,0,0,1],[2,2,-2,-2,1]]
2;2;[[0,0,0,0,0],[1,0,0,0,0],[0,1,0,0,0],[0,0,1,0,0],[0,0,0,1,0],[6,6,6,7,8]]
8/3;3;[[0,0,0,0,0],[1,0,0,0,0],[0,1,0,0,0],[0,0,1,0,0],[1,1,1,2,0],[1,0,-1,-1,0],[0,0,0,0,1],[1,1,-1,-1,-1]]
5/4;5/2;[[0,0,0,0,0],[1,0,0,0,0],[0,1,0,0,0],[0,0,1,0,0],[0,0,0,1,0],[2,1,3,7,8]]
2;5/2;[[0,0,0,0,0],[2,0,0,0,0],[0,1,0,0,0],[0,0,1,0,0],[0,0,0,1,0],[0,1,1,1,4]]
3/2;3;[[0,0,0,0,0],[1,0,0,0,0],[0,1,0,0,0],[0,0,1,0,0],[0,0,0,1,0],[4,1,3,5,8]]
1;2;[[0,0,0,0,0],[1,0,0,0,0],[0,1,0,0,0],[0,0,1,0,0],[0,0,0,1,0],[2,1,5,7,8]]
3/4;2;[[0,0,0,0,0],[1,0,0,0,0],[0,1,0,0,0],[0,0,1,0,0],[0,0,0,1,0],[1,1,1,3,8]]
7/2;7/2;[[0,0,0,0,0],[1,0,0,0,0],[0,1,0,0,0],[0,0,1,0,0],[0,0,0,1,0],[1,1,0,1,2],[0,1,1,-1,0],[-1,0,1,-1,-2]]
5/2;5/2;[[0,0,0,0,0],[1,0,0,0,0],[0,1,0,0,0],[0,0,1,0,0],[0,0,1,2,0],[1,1,0,0,2],[-1,-1,2,2,-2]]
5/2;5/2;[[0,0,0,0,0],[1,0,0,0,0],[0,1,0,0,0],[0,0,1,0,0],[0,1,1,2,0],[1,0,0,0,2],[-1,1,2,2,-2]]
7/2;4;[[0,0,0,0,0],[1,0,0,0,0],[0,1,0,0,0],[0,0,1,0,0],[0,0,1,4,0],[0,0,0,0,1],[0,0,2,3,-1]]
25/7;4;[[0,0,0,0,0],[1,0,0,0,0],[0,1,0,0,0],[0,0,1,0,0],[0,0,0,1,0],[0,0,4,2,5],[0,0,-1,-1,-3]]
9/4;3;[[0,0,0,0,0],[1,0,0,0,0],[0,1,0,0,0],[0,0,1,0,0],[0,0,0,1,0],[4,2,6,5,8]]
5/2;3;[[0,0,0,0,0],[1,0,0,0,0],[0,1,0,0,0],[0,0,1,0,0],[0,0,0,1,0],[0,0,0,0,1],[4,1,-3,-3,-1]]
3;3;[[0,0,0,0,0],[1,0,0,0,0],[1,2,0,0,0],[0,0,1,0,0],[0,0,1,2,0],[0,0,0,0,1],[0,0,2,1,-1]]
4;4;[[0,0,0,0,0],[1,0,0,0,0],[0,1,0,0,0],[0,0,1,0,0],[0,0,0,1,0],[0,0,1,0,2],[0,0,4,-3,2]]
2;3;[[0,0,0,0,0],[1,0,0,0,0],[0,1,0,0,0],[0,0,1,0,0],[0,0,0,1,0],[1,1,3,1,4],[1,1,3,2,4]]
3;3;[[0,0,0,0,0],[1,0,0,0,0],[0,1,0,0,0],[1,1,2,0,0],[0,0,0,1,0],[0,0,0,0,1],[1,0,2,1,0],[1,0,2,2,-1]]
12/5;3;[[0,0,0,0,0],[1,0,0,0,0],[0,1,0,0,0],[0,0,1,0,0],[0,0,0,1,0],[0,0,0,0,1],[5,1,-4,-2,-1]]
7/4;2;[[0,0,0,0,0],[1,0,0,0,0],[0,1,0,0,0],[0,0,1,0,0],[0,0,0,1,0],[2,5,5,5,8]]
4;4;[[0,0,0,0,0],[1,0,0,0,0],[0,1,0,0,0],[1,1,0,0,0],[0,0,1,0,0],[0,0,1,2,0],[0,0,0,0,1],[0,2,0,0,1]]
4;4;[[0,0,0,0,0],[1,0,0,0,0],[0,1,0,0,0],[0,0,1,0,0],[2,2,1,4,0],[0,0,0,0,1],[2,2,0,4,1]]
4;4;[[0,0,0,0,0],[1,0,0,0,0],[0,1,0,0,0],[0,0,1,0,0],[0,0,0,1,0],[0,0,0,0,1],[1,-2,1,0,1],[2,-1,-1,1,0]]
3;3;[[0,0,0,0,0],[1,0,0,0,0],[0,1,0,0,0],[0,0,1,0,0],[0,0,0,1,0],[1,1,1,1,2],[3,-1,0,2,2]]
3;3;[[0,0,0,0,0],[1,0,0,0,0],[0,1,0,0,0],[0,0,1,0,0],[0,0,0,1,0],[0,0,1,1,0],[0,0,0,0,1],[2,-2,2,2,-1]]
2;2;[[0,0,0,0,0],[1,0,0,0,0],[1,2,0,0,0],[0,0,1,0,0],[0,0,0,1,0],[0,0,0,0,1],[4,3,-1,-1,-1]]
4;4;[[0,0,0,0,0],[1,0,0,0,0],[0,1,0,0,0],[0,0,1,0,0],[0,0,0,1,0],[0,-1,1,1,0],[0,0,0,0,1],[0,5,1,-4,-1]]
7/2;7/2;[[0,0,0,0,0],[1,0,0,0,0],[0,1,0,0,0],[0,0,1,0,0],[0,0,0,1,0],[0,0,0,0,1],[2,0,-1,-1,1],[0,2,1,-1,-1]]
5/2;3;[[0,0,0,0,0],[1,0,0,0,0],[0,1,0,0,0],[0,0,1,0,0],[0,1,1,0,0],[0,0,0,1,0],[2,2,2,1,4]]
4;4;[[0,0,0,0,0],[1,0,0,0,0],[0,1,0,0,0],[0,0,1,0,0],[1,1,1,2,0],[0,0,0,0,1],[0,1,0,1,1],[0,1,-1,0,1],[0,0,-1,-1,1]]
3;3;[[0,0,0,0,0],[1,0,0,0,0],[0,1,0,0,0],[0,0,1,0,0],[-1,1,1,0,0],[0,1,1,0,0],[0,0,0,1,0],[0,0,0,1,2]]
2;2;[[0,0,0,0,0],[1,0,0,0,0],[0,1,0,0,0],[0,0,1,0,0],[0,0,0,2,0],[2,3,3,2,4]]
4;4;[[0,0,0,0,0],[1,0,0,0,0],[0,1,0,0,0],[0,0,1,0,0],[0,0,0,1,0],[0,0,2,2,3],[0,0,1,3,3],[0,0,0,2,1],[0,0,2,3,4]]
4;4;[[0,0,0,0,0],[1,0,0,0,0],[0,1,0,0,0],[0,0,1,0,0],[0,0,0,1,0],[0,3,-3,1,0],[0,0,0,0,1],[0,4,-4,2,-1]]
4;4;[[0,0,0,0,0],[1,0,0,0,0],[0,1,0,0,0],[0,0,1,0,0],[0,0,0,1,0],[0,0,0,0,1],[-2,2,-1,1,1],[-3,3,-1,1,1],[1,-1,0,0,1]]
8/3;3;[[0,0,0,0,0],[1,0,0,0,0],[0,1,0,0,0],[0,0,1,0,0],[0,0,0,1,0],[0,0,0,0,1],[6,2,-4,-2,-1]]
7/2;7/2;[[0,0,0,0,0],[1,0,0,0,0],[0,1,0,0,0],[0,0,1,0,0],[0,0,0,1,0],[0,0,0,1,2],[-2,2,2,-1,-2]]
2;3;[[0,0,0,0,0],[1,0,0,0,0],[0,1,0,0,0],[0,0,1,0,0],[1,0,1,2,0],[1,1,0,2,4]]
3;3;[[0,0,0,0,0],[1,0,0,0,0],[0,1,0,0,0],[0,0,1,0,0],[1,1,1,2,0],[1,3,3,2,4]]
8/3;3;[[0,0,0,0,0],[1,0,0,0,0],[0,1,0,0,0],[0,0,1,0,0],[1,1,2,3,0],[0,0,0,0,1],[0,1,-1,-2,-1]]
8/3;3;[[0,0,0,0,0],[1,0,0,0,0],[0,1,0,0,0],[0,0,1,0,0],[0,1,1,0,0],[0,0,0,1,0],[1,1,1,1,2],[1,0,0,-1,-1]]
3;3;[[0,0,0,0,0],[1,0,0,0,0],[0,1,0,0,0],[0,0,1,0,0],[1,1,1,2,0],[0,1,2,2,0],[0,0,0,0,1],[0,2,1,1,-1]]
3;3;[[0,0,0,0,0],[1,0,0,0,0],[0,1,0,0,0],[0,0,1,0,0],[0,2,3,4,0],[0,0,0,0,1],[0,3,5,6,-1]]
8/3;3;[[0,0,0,0,0],[1,0,0,0,0],[0,1,0,0,0],[0,0,1,0,0],[0,0,0,1,0],[1,2,-1,-1,0],[0,0,0,0,1],[1,-1,2,0,-1]]
4;4;[[0,0,0,0,0],[1,0,0,0,0],[0,1,0,0,0],[0,0,1,0,0],[-1,1,1,0,0],[0,0,0,1,0],[-2,2,0,1,0],[0,0,0,0,1],[-3,3,1,1,-1]]
3;3;[[0,0,0,0,0],[1,0,0,0,0],[0,1,0,0,0],[0,0,1,0,0],[0,0,0,1,0],[0,0,0,1,2],[2,2,-1,-2,-2]]
2;2;[[0,0,0,0,0],[1,0,0,0,0],[1,2,0,0,0],[0,0,1,0,0],[0,0,0,1,0],[0,0,0,0,1],[4,2,-1,-1,-1]]
4;4;[[0,0,0,0,0],[1,0,0,0,0],[0,1,0,0,0],[0,0,1,0,0],[0,0,0,1,0],[0,0,0,0,1],[1,-3,3,1,-1],[0,-3,3,1,0]]
2;2;[[0,0,0,0,0],[1,0,0,0,0],[0,1,0,0,0],[0,0,1,0,0],[0,0,0,1,0],[3,3,3,1,4],[3,3,3,2,4]]
3;3;[[0,0,0,0,0],[1,0,0,0,0],[0,1,0,0,0],[0,1,2,0,0],[0,0,0,1,0],[0,0,0,0,1],[1,2,3,-1,-1],[0,0,1,1,0]]
5/2;3;[[0,0,0,0,0],[1,0,0,0,0],[0,1,0,0,0],[0,0,1,0,0],[2,2,1,4,0],[0,0,0,0,1],[1,1,2,2,-1]]
4;4;[[0,0,0,0,0],[1,0,0,0,0],[0,1,0,0,0],[0,0,1,0,0],[0,0,0,1,0],[0,0,0,0,1],[6,-6,1,-1,1]]
3;3;[[0,0,0,0,0],[1,0,0,0,0],[0,1,0,0,0],[0,0,1,0,0],[0,0,0,1,0],[1,2,3,3,4],[0,2,3,4,4]]
3;3;[[0,0,0,0,0],[1,0,0,0,0],[0,1,0,0,0],[0,0,1,0,0],[0,0,0,1,0],[0,0,0,0,1],[2,2,1,-1,-1],[0,-1,1,0,0]]
17/5;4;[[0,0,0,0,0],[1,0,0,0,0],[0,1,0,0,0],[0,0,1,0,0],[0,0,0,1,0],[0,0,0,0,1],[0,3,5,-3,-4]]
7/2;4;[[0,0,0,0,0],[1,0,0,0,0],[0,1,0,0,0],[0,0,1,0,0],[0,0,0,1,0],[0,0,0,1,2],[0,-1,1,1,3],[0,1,-1,1,-1]]
3;3;[[0,0,0,0,0],[1,0,0,0,0],[0,1,0,0,0],[0,0,1,0,0],[1,1,1,2,0],[1,1,1,2,4]]
17/6;3;[[0,0,0,0,0],[1,0,0,0,0],[0,1,0,0,0],[0,0,1,0,0],[0,0,0,1,0],[2,2,2,3,4],[1,1,0,3,2]]
3;3;[[0,0,0,0,0],[1,0,0,0,0],[0,1,0,0,0],[0,0,1,0,0],[0,0,0,2,0],[0,0,0,0,1],[1,1,-2,4,-1]]
4;4;[[0,0,0,0,0],[1,0,0,0,0],[0,1,0,0,0],[0,0,1,0,0],[0,0,0,1,0],[0,0,0,0,1],[-1,1,0,1,0],[0,0,1,-1,1],[-1,1,1,0,0],[1,-1,1,-1,1],[1,-1,0,0,1]]
4;4;[[0,0,0,0,0],[1,0,0,0,0],[0,1,0,0,0],[0,0,1,0,0],[0,0,1,2,0],[0,0,1,2,4]]
4;4;[[0,0,0,0,0],[1,0,0,0,0],[0,1,0,0,0],[0,0,1,0,0],[0,0,0,1,0],[0,0,0,0,1],[0,-2,2,1,0],[0,1,0,1,-1],[0,2,-1,1,-1]]
4;4;[[0,0,0,0,0],[1,0,0,0,0],[0,1,0,0,0],[0,0,1,0,0],[0,0,0,1,0],[0,1,-1,1,0],[0,0,0,1,2],[0,1,-1,1,-2]]
3;3;[[0,0,0,0,0],[1,0,0,0,0],[0,1,0,0,0],[0,0,1,0,0],[0,0,0,1,0],[0,0,0,0,1],[1,3,-1,-1,-1],[1,1,-1,-1,1]]
3;3;[[0,0,0,0,0],[1,0,0,0,0],[0,1,0,0,0],[0,0,1,0,0],[0,0,0,1,0],[-1,1,1,-1,0],[0,0,0,0,1],[-2,2,2,0,-1]]
5/2;5/2;[[0,0,0,0,0],[1,0,0,0,0],[0,1,0,0,0],[0,0,1,0,0],[0,0,0,1,0],[0,1,0,0,2],[2,-1,-1,-1,-2]]
4;4;[[0,0,0,0,0],[1,0,0,0,0],[0,1,0,0,0],[0,0,1,0,0],[0,0,1,2,0],[0,1,0,1,2],[0,1,0,-1,2]]
7/4;2;[[0,0,0,0,0],[1,0,0,0,0],[0,1,0,0,0],[0,0,1,0,0],[0,0,0,1,0],[4,2,2,5,8]]
3;3;[[0,0,0,0,0],[1,0,0,0,0],[0,1,0,0,0],[0,0,1,0,0],[0,0,0,1,0],[0,0,1,1,0],[1,1,1,1,2],[1,1,1,3,2]]
23/7;4;[[0,0,0,0,0],[1,0,0,0,0],[0,1,0,0,0],[0,0,1,0,0],[0,0,0,1,0],[0,1,1,1,2],[0,-2,1,-3,-5]]
4;4;[[0,0,0,0,0],[1,0,0,0,0],[0,1,0,0,0],[1,1,0,0,0],[0,0,1,0,0],[0,0,0,1,0],[0,0,0,0,1],[0,1,1,1,-1],[0,-1,0,0,1],[0,0,1,1,-1]]
4;4;[[0,0,0,0,0],[1,0,0,0,0],[0,1,0,0,0],[0,0,1,0,0],[0,1,0,2,0],[0,0,0,0,1],[0,2,0,3,-1],[0,-2,1,-2,2]]
4;4;[[0,0,0,0,0],[1,0,0,0,0],[0,1,0,0,0],[0,0,1,0,0],[1,1,1,2,0],[0,0,0,0,1],[0,0,-1,-1,1],[0,1,0,1,1],[0,-1,-1,-2,1]]
3;3;[[0,0,0,0,0],[1,0,0,0,0],[0,1,0,0,0],[0,0,1,0,0],[0,0,0,1,0],[2,1,1,-1,0],[0,0,0,0,1],[2,1,1,0,-1]]
5/2;3;[[0,0,0,0,0],[1,0,0,0,0],[0,1,0,0,0],[0,0,2,0,0],[0,0,0,1,0],[2,2,0,1,4]]
3;3;[[0,0,0,0,0],[1,0,0,0,0],[0,1,0,0,0],[0,1,2,0,0],[0,0,0,1,0],[1,0,0,1,2],[1,0,0,2,2]]
3/2;5/2;[[0,0,0,0,0],[1,0,0,0,0],[0,1,0,0,0],[0,0,1,0,0],[0,0,0,1,0],[2,2,6,3,8]]
5/4;2;[[0,0,0,0,0],[1,0,0,0,0],[0,1,0,0,0],[0,0,1,0,0],[0,0,0,1,0],[2,1,1,1,8]]
8/3;3;[[0,0,0,0,0],[1,0,0,0,0],[0,1,0,0,0],[0,1,2,0,0],[0,0,0,1,0],[0,0,0,0,1],[1,2,-2,-1,-1]]
3;3;[[0,0,0,0,0],[1,0,0,0,0],[0,1,0,0,0],[0,0,1,0,0],[0,0,1,2,0],[1,1,0,1,2],[1,1,0,-1,2]]
1;3;[[0,0,0,0,0],[1,0,0,0,0],[0,1,0,0,0],[0,0,1,0,0],[0,0,0,1,0],[2,1,1,7,8]]
2;2;[[0,0,0,0,0],[1,0,0,0,0],[0,1,0,0,0],[0,0,1,0,0],[-1,1,1,0,0],[0,0,0,1,0],[0,2,2,3,4]]
5/3;2;[[0,0,0,0,0],[1,0,0,0,0],[0,1,0,0,0],[0,0,1,0,0],[0,0,0,1,0],[0,0,0,0,1],[2,2,-3,-3,-1]]
11/3;4;[[0,0,0,0,0],[1,0,0,0,0],[0,1,0,0,0],[0,0,1,0,0],[0,0,0,1,0],[0,0,0,0,1],[0,5,-5,-2,3]]
2;2;[[0,0,0,0,0],[1,0,0,0,0],[0,1,0,0,0],[-1,1,0,0,0],[0,0,1,0,0],[0,0,0,1,0],[0,0,0,0,1],[-2,4,-1,-1,-1]]
7/2;4;[[0,0,0,0,0],[1,0,0,0,0],[0,1,0,0,0],[0,0,1,0,0],[-1,1,1,0,0],[0,0,0,1,0],[2,0,2,1,4]]
3;7/2;[[0,0,0,0,0],[1,0,0,0,0],[0,1,0,0,0],[0,0,1,0,0],[0,0,0,1,0],[0,4,2,3,8]]
4;4;[[0,0,0,0,0],[1,0,0,0,0],[0,1,0,0,0],[0,0,1,0,0],[0,0,0,1,0],[0,0,0,0,1],[0,0,-1,1,1],[0,-3,1,2,1]]
7/2;7/2;[[0,0,0,0,0],[1,0,0,0,0],[0,1,0,0,0],[0,1,2,0,0],[0,0,0,1,0],[1,1,0,1,2],[0,1,0,2,2]]
5;5;[[0,0,0,0,0],[1,0,0,0,0],[0,1,0,0,0],[0,0,1,0,0],[0,0,0,1,0],[0,2,-2,1,0],[0,0,0,0,1],[0,-5,5,0,1]]
3;3;[[0,0,0,0,0],[1,0,0,0,0],[0,1,0,0,0],[0,0,1,0,0],[0,0,0,1,0],[2,3,3,1,4],[2,2,3,2,4]]
4;4;[[0,0,0,0,0],[1,0,0,0,0],[0,1,0,0,0],[0,0,1,0,0],[0,0,0,1,0],[0,-1,1,1,0],[0,0,0,0,1],[0,0,-1,1,1],[0,-1,3,1,-2]]
11/7;2;[[0,0,0,0,0],[1,0,0,0,0],[0,1,0,0,0],[0,0,1,0,0],[0,0,0,1,0],[0,0,0,0,1],[1,-4,-1,-1,-1]]
8/3;3;[[0,0,0,0,0],[1,0,0,0,0],[0,1,0,0,0],[0,0,1,0,0],[0,0,0,1,0],[1,3,-2,-1,0],[0,0,0,0,1],[1,4,-2,-1,-1]]
11/4;3;[[0,0,0,0,0],[1,0,0,0,0],[0,1,0,0,0],[0,0,1,0,0],[0,0,0,1,0],[4,4,4,5,8]]
4;4;[[0,0,0,0,0],[1,0,0,0,0],[0,1,0,0,0],[0,0,1,0,0],[-1,1,1,0,0],[0,0,0,1,0],[0,0,0,1,2],[2,0,-2,1,2]]
3;3;[[0,0,0,0,0],[1,0,0,0,0],[0,1,0,0,0],[0,0,2,0,0],[0,0,0,2,0],[1,1,0,0,2]]
3;3;[[0,0,0,0,0],[1,0,0,0,0],[0,1,0,0,0],[0,0,1,0,0],[0,1,0,2,0],[0,2,-1,2,0],[0,0,0,0,1],[0,3,-1,4,-1]]
17/5;4;[[0,0,0,0,0],[1,0,0,0,0],[0,1,0,0,0],[0,0,1,0,0],[0,0,0,1,0],[0,1,1,1,2],[0,0,1,-3,-3]]
4;4;[[0,0,0,0,0],[1,0,0,0,0],[0,1,0,0,0],[0,0,1,0,0],[1,1,1,2,0],[0,0,0,0,1],[0,0,-3,-3,1]]
2;5/2;[[0,0,0,0,0],[1,0,0,0,0],[0,1,0,0,0],[0,0,1,0,0],[1,0,1,2,0],[1,1,2,2,4]]
8/3;3;[[0,0,0,0,0],[1,0,0,0,0],[0,1,0,0,0],[0,0,1,0,0],[0,0,0,1,0],[1,0,1,0,2],[-1,1,2,-2,-2]]
3;7/2;[[0,0,0,0,0],[1,0,0,0,0],[0,1,0,0,0],[0,0,1,0,0],[0,0,0,1,0],[0,2,1,2,4],[0,2,2,1,4]]
3;3;[[0,0,0,0,0],[1,0,0,0,0],[0,1,0,0,0],[0,0,1,0,0],[0,0,0,1,0],[0,-1,1,1,0],[1,1,1,0,2],[1,3,1,-2,2]]
4;4;[[0,0,0,0,0],[1,0,0,0,0],[0,1,0,0,0],[0,0,1,0,0],[0,0,0,1,0],[0,1,1,1,2],[0,0,0,-1,-2],[0,1,1,-1,0]]
4;4;[[0,0,0,0,0],[1,0,0,0,0],[0,1,0,0,0],[0,0,1,0,0],[0,0,0,1,0],[0,0,0,0,1],[-2,2,1,1,-1],[2,-2,0,1,0]]
3;3;[[0,0,0,0,0],[1,0,0,0,0],[0,1,0,0,0],[0,1,2,0,0],[0,0,0,1,0],[0,0,0,0,1],[1,2,1,-1,-1],[0,2,1,-1,0]]
17/6;3;[[0,0,0,0,0],[1,0,0,0,0],[0,1,0,0,0],[1,0,2,0,0],[0,0,0,1,0],[0,0,0,0,1],[1,3,2,-2,-1]]
2;5/2;[[0,0,0,0,0],[1,0,0,0,0],[0,1,0,0,0],[0,0,1,0,0],[0,0,0,1,0],[2,2,2,3,8]]
3;3;[[0,0,0,0,0],[1,0,0,0,0],[0,1,0,0,0],[0,0,1,0,0],[0,0,0,1,0],[1,1,0,0,2],[-1,0,2,-1,-2],[0,1,1,-1,0]]
3;3;[[0,0,0,0,0],[1,0,0,0,0],[0,1,0,0,0],[0,0,1,0,0],[0,0,0,1,0],[1,-1,-1,2,0],[0,0,0,0,1],[0,1,3,-2,-1]]
3;3;[[0,0,0,0,0],[1,0,0,0,0],[0,1,0,0,0],[0,0,1,0,0],[0,0,0,1,0],[0,1,-1,1,0],[1,0,0,1,2],[-1,1,-1,1,-2]]
4;4;[[0,0,0,0,0],[1,0,0,0,0],[0,1,0,0,0],[0,0,1,0,0],[0,0,0,1,0],[0,0,1,1,2],[1,0,1,1,2],[0,1,1,1,2],[0,0,1,2,2]]
11/3;4;[[0,0,0,0,0],[1,0,0,0,0],[0,1,0,0,0],[0,0,1,0,0],[0,0,0,1,0],[0,0,0,0,1],[1,-1,0,1,0],[0,2,3,-2,-2]]
3;3;[[0,0,0,0,0],[1,0,0,0,0],[0,1,0,0,0],[0,0,1,0,0],[0,0,0,1,0],[0,2,3,0,4],[0,2,4,-1,4]]
3;3;[[0,0,0,0,0],[1,0,0,0,0],[0,1,0,0,0],[0,0,1,0,0],[0,0,0,1,0],[1,1,1,-1,0],[0,1,1,0,0],[0,0,0,0,1],[1,2,2,-1,-1]]
5/2;4;[[0,0,0,0,0],[1,0,0,0,0],[0,1,0,0,0],[0,0,1,0,0],[0,0,0,1,0],[0,1,1,7,8]]
11/3;4;[[0,0,0,0,0],[1,0,0,0,0],[0,1,0,0,0],[0,0,1,0,0],[0,0,0,1,0],[0,-1,1,1,0],[0,0,0,0,1],[0,-1,1,3,-2],[0,-2,2,3,-2]]
3;3;[[0,0,0,0,0],[1,0,0,0,0],[0,1,0,0,0],[0,0,1,0,0],[0,0,0,1,0],[0,1,1,1,2],[1,-1,-1,1,-1],[-1,2,2,1,3]]
3;3;[[0,0,0,0,0],[1,0,0,0,0],[0,1,0,0,0],[0,0,1,0,0],[0,0,0,1,0],[1,1,1,0,2],[3,-1,2,-1,2]]
3;3;[[0,0,0,0,0],[1,0,0,0,0],[0,1,0,0,0],[0,0,2,0,0],[0,1,0,2,0],[1,0,0,0,2]]
2;2;[[0,0,0,0,0],[1,0,0,0,0],[0,1,0,0,0],[1,1,0,0,0],[0,0,1,0,0],[0,0,0,1,0],[0,0,0,0,1],[2,2,-1,-1,-1]]
4;4;[[0,0,0,0,0],[1,0,0,0,0],[0,1,0,0,0],[0,0,1,0,0],[0,0,0,1,0],[0,0,0,0,1],[0,-2,1,1,1],[0,-2,0,1,2],[0,1,-1,0,1]]
2;2;[[0,0,0,0,0],[1,0,0,0,0],[0,1,0,0,0],[0,0,1,0,0],[0,0,0,1,0],[2,3,3,3,4],[2,2,3,4,4]]
3;3;[[0,0,0,0,0],[1,0,0,0,0],[0,1,0,0,0],[0,0,1,0,0],[0,0,0,1,0],[0,0,0,0,1],[6,-3,-3,2,-1]]
3;3;[[0,0,0,0,0],[1,0,0,0,0],[0,1,0,0,0],[0,0,1,0,0],[0,0,0,1,0],[1,0,1,1,2],[0,2,-1,-1,-1],[1,-1,2,2,3]]
3;3;[[0,0,0,0,0],[1,0,0,0,0],[0,1,0,0,0],[0,0,1,0,0],[0,0,0,1,0],[0,0,0,0,1],[-3,-3,1,1,-1]]
8/3;3;[[0,0,0,0,0],[2,0,0,0,0],[0,1,0,0,0],[0,0,1,0,0],[0,0,0,1,0],[0,0,0,0,1],[0,1,3,-1,-2]]
4;4;[[0,0,0,0,0],[1,0,0,0,0],[0,1,0,0,0],[0,0,1,0,0],[0,0,0,1,0],[0,0,0,0,1],[0,-6,6,2,-1]]
11/7;2;[[0,0,0,0,0],[1,0,0,0,0],[0,1,0,0,0],[0,0,1,0,0],[0,0,0,1,0],[0,0,0,0,1],[1,-3,-2,-1,-1]]
4;4;[[0,0,0,0,0],[1,0,0,0,0],[0,1,0,0,0],[0,0,1,0,0],[0,0,0,1,0],[0,0,0,0,1],[0,0,3,-3,1],[0,0,3,-4,2],[0,0,2,-3,2]]
7/2;4;[[0,0,0,0,0],[1,0,0,0,0],[0,1,0,0,0],[0,0,1,0,0],[0,0,0,1,0],[0,0,6,3,8]]
2;2;[[0,0,0,0,0],[1,0,0,0,0],[0,1,0,0,0],[0,0,1,0,0],[0,0,0,1,0],[0,0,0,0,1],[4,4,-1,-1,-1]]
3;3;[[0,0,0,0,0],[1,0,0,0,0],[0,1,0,0,0],[0,0,1,0,0],[0,0,0,1,0],[0,0,0,0,1],[-2,2,2,-1,-1],[-2,2,2,-1,0]]
3/4;1;[[0,0,0,0,0],[1,0,0,0,0],[0,1,0,0,0],[0,0,1,0,0],[0,0,0,1,0],[5,5,5,5,8]]
2;2;[[0,0,0,0,0],[2,0,0,0,0],[0,1,0,0,0],[0,0,1,0,0],[0,0,0,1,0],[0,3,3,3,4]]
2;2;[[0,0,0,0,0],[1,0,0,0,0],[0,1,0,0,0],[0,0,1,0,0],[0,0,0,1,0],[2,-1,-1,-1,0],[0,0,0,0,1],[3,-1,-1,-1,-1]]
3;3;[[0,0,0,0,0],[1,0,0,0,0],[0,1,0,0,0],[0,0,1,0,0],[-1,1,1,0,0],[0,0,0,1,0],[0,0,0,0,1],[3,1,-2,-1,-1]]
5/2;4;[[0,0,0,0,0],[1,0,0,0,0],[0,1,0,0,0],[0,0,1,0,0],[0,0,0,1,0],[0,1,3,5,8]]
8/3;3;[[0,0,0,0,0],[1,0,0,0,0],[0,1,0,0,0],[0,0,1,0,0],[0,1,1,0,0],[0,0,0,1,0],[1,1,1,1,2],[0,1,1,-1,-1]]
4;4;[[0,0,0,0,0],[1,0,0,0,0],[0,1,0,0,0],[0,0,1,0,0],[0,0,0,1,0],[0,0,0,0,1],[-4,4,1,1,-1],[1,-1,0,1,0]]
3;3;[[0,0,0,0,0],[1,0,0,0,0],[0,1,0,0,0],[0,0,1,0,0],[0,0,1,2,0],[1,1,1,0,2],[1,1,1,2,2]]
3;3;[[0,0,0,0,0],[1,0,0,0,0],[0,1,0,0,0],[0,0,1,0,0],[0,0,0,1,0],[0,0,0,0,1],[1,-1,-1,2,-1],[-1,1,2,-1,0]]
3;3;[[0,0,0,0,0],[1,0,0,0,0],[0,1,0,0,0],[0,0,1,0,0],[0,0,0,1,0],[2,-1,-1,-1,0],[0,0,0,0,1],[-2,1,1,0,1]]
14/5;3;[[0,0,0,0,0],[1,0,0,0,0],[0,1,0,0,0],[0,1,2,0,0],[0,0,0,1,0],[1,1,1,1,2],[0,1,2,-1,-1]]
2;2;[[0,0,0,0,0],[1,0,0,0,0],[0,1,0,0,0],[0,0,1,0,0],[0,0,0,1,0],[4,4,6,7,8]]
5/2;5/2;[[0,0,0,0,0],[1,0,0,0,0],[0,1,0,0,0],[0,0,1,0,0],[0,1,1,2,0],[2,1,1,2,4]]
3;3;[[0,0,0,0,0],[1,0,0,0,0],[0,1,0,0,0],[0,0,1,0,0],[1,1,1,2,0],[0,0,0,0,1],[-1,1,0,0,1],[-1,0,1,0,1],[2,1,1,2,-1]]
4;4;[[0,0,0,0,0],[1,0,0,0,0],[0,1,0,0,0],[0,0,1,0,0],[0,0,0,1,0],[0,0,0,0,1],[-2,2,2,0,-1],[-2,2,0,1,0]]
3;3;[[0,0,0,0,0],[1,0,0,0,0],[0,1,0,0,0],[0,0,1,0,0],[0,0,0,1,0],[1,-1,1,1,0],[0,0,1,1,0],[0,0,0,0,1],[1,-1,1,2,-1]]
2;5/2;[[0,0,0,0,0],[1,0,0,0,0],[0,1,0,0,0],[0,0,1,0,0],[0,0,0,1,0],[4,3,3,7,8]]
3;3;[[0,0,0,0,0],[1,0,0,0,0],[0,1,0,0,0],[0,0,1,0,0],[0,0,0,1,0],[0,1,0,1,2],[1,1,-1,2,2],[0,1,0,2,2]]
3;3;[[0,0,0,0,0],[1,0,0,0,0],[0,1,0,0,0],[0,0,1,0,0],[0,0,0,1,0],[1,0,1,1,2],[1,-1,2,1,2],[1,-1,1,2,2],[0,1,-1,-1,-2]]
3/2;2;[[0,0,0,0,0],[1,0,0,0,0],[0,1,0,0,0],[0,0,1,0,0],[0,0,0,1,0],[1,1,1,3,4],[1,1,1,4,4]]
2;2;[[0,0,0,0,0],[1,0,0,0,0],[0,1,0,0,0],[0,0,1,0,0],[2,2,3,4,0],[0,0,0,0,1],[2,2,4,4,-1]]
2;2;[[0,0,0,0,0],[1,0,0,0,0],[1,2,0,0,0],[0,0,1,0,0],[0,0,0,1,0],[0,0,0,0,1],[3,6,-1,-1,-1]]
3;3;[[0,0,0,0,0],[1,0,0,0,0],[0,1,0,0,0],[0,0,1,0,0],[0,0,1,2,0],[0,0,0,0,1],[0,-2,4,4,-1]]
3;3;[[0,0,0,0,0],[1,0,0,0,0],[0,1,0,0,0],[0,0,1,0,0],[0,0,0,1,0],[1,1,1,0,2],[1,1,-2,3,2]]
3;3;[[0,0,0,0,0],[1,0,0,0,0],[0,1,0,0,0],[0,0,1,0,0],[0,0,0,1,0],[2,3,3,1,4],[3,4,4,2,6]]
3;3;[[0,0,0,0,0],[1,0,0,0,0],[0,1,0,0,0],[0,1,2,0,0],[0,0,0,1,0],[0,0,0,0,1],[0,3,2,-1,-1],[0,3,1,-1,-1]]
4;4;[[0,0,0,0,0],[1,0,0,0,0],[0,1,0,0,0],[0,0,1,0,0],[0,0,0,1,0],[0,0,0,0,1],[-1,1,1,0,0],[-1,1,0,1,0],[0,0,1,1,-1],[1,-1,1,1,-1]]
7/2;4;[[0,0,0,0,0],[1,0,0,0,0],[0,1,0,0,0],[0,0,1,0,0],[0,0,1,4,0],[0,0,0,0,1],[0,0,2,2,-1]]
3;3;[[0,0,0,0,0],[1,0,0,0,0],[0,1,0,0,0],[0,0,1,0,0],[1,1,1,2,0],[0,1,2,2,0],[0,0,0,0,1],[1,2,2,3,-1]]
4;4;[[0,0,0,0,0],[1,0,0,0,0],[0,1,0,0,0],[0,0,1,0,0],[1,1,0,2,0],[-1,0,1,-2,0],[0,0,0,0,1],[2,0,0,4,1]]
8/3;3;[[0,0,0,0,0],[1,0,0,0,0],[0,1,0,0,0],[0,0,1,0,0],[0,0,0,1,0],[0,0,0,0,1],[-4,-2,1,1,-1]]
20/7;3;[[0,0,0,0,0],[1,0,0,0,0],[0,1,0,0,0],[0,0,1,0,0],[0,2,2,3,0],[0,0,0,0,1],[0,-1,1,-2,-1]]
4;4;[[0,0,0,0,0],[1,0,0,0,0],[0,1,0,0,0],[0,0,1,0,0],[0,0,1,2,0],[0,1,0,2,0],[0,0,0,0,1],[0,1,1,4,-1]]
4;4;[[0,0,0,0,0],[1,0,0,0,0],[0,1,0,0,0],[0,0,1,0,0],[0,0,0,1,0],[0,1,0,0,2],[0,0,2,-1,-2],[0,1,1,-1,0]]
3;3;[[0,0,0,0,0],[1,0,0,0,0],[0,1,0,0,0],[0,0,1,0,0],[0,1,0,2,0],[0,0,1,1,0],[1,0,1,0,2],[1,0,1,1,2]]
4;4;[[0,0,0,0,0],[1,0,0,0,0],[0,1,0,0,0],[0,0,1,0,0],[0,0,0,1,0],[0,0,0,0,1],[0,1,-1,1,-1],[1,-1,0,0,1],[0,0,1,1,0]]
9/5;2;[[0,0,0,0,0],[1,0,0,0,0],[0,1,0,0,0],[0,0,1,0,0],[0,0,0,1,0],[0,0,0,0,1],[5,-3,-2,-1,-1]]
3;3;[[0,0,0,0,0],[1,0,0,0,0],[0,1,0,0,0],[0,0,1,0,0],[0,0,0,1,0],[1,1,1,1,2],[-1,0,0,1,-1],[2,1,1,1,3]]
10/3;4;[[0,0,0,0,0],[1,0,0,0,0],[0,1,0,0,0],[0,0,1,0,0],[0,0,0,1,0],[0,1,1,3,4],[0,0,1,-2,-2]]
3;4;[[0,0,0,0,0],[1,0,0,0,0],[0,1,0,0,0],[0,0,1,0,0],[0,0,1,2,0],[0,1,0,2,4]]
5/2;3;[[0,0,0,0,0],[1,0,0,0,0],[0,1,0,0,0],[0,0,1,0,0],[0,0,0,1,0],[2,2,1,3,4],[2,2,1,4,4]]
5/4;2;[[0,0,0,0,0],[1,0,0,0,0],[0,1,0,0,0],[0,0,1,0,0],[0,0,0,1,0],[2,2,2,1,8]]
3;3;[[0,0,0,0,0],[1,0,0,0,0],[0,1,0,0,0],[0,0,1,0,0],[0,0,0,1,0],[1,0,1,0,2],[0,1,2,-1,2],[0,1,1,0,2]]
11/3;4;[[0,0,0,0,0],[1,0,0,0,0],[0,1,0,0,0],[0,0,1,0,0],[0,0,0,1,0],[0,2,1,1,3],[0,1,2,1,3],[0,0,2,1,2]]
3;3;[[0,0,0,0,0],[1,0,0,0,0],[0,1,0,0,0],[0,0,1,0,0],[0,0,0,1,0],[0,0,0,0,1],[-1,2,1,1,-1],[-2,2,2,2,-1]]
3;3;[[0,0,0,0,0],[1,0,0,0,0],[0,1,0,0,0],[0,0,1,0,0],[0,0,0,1,0],[1,0,1,1,2],[2,1,-2,-2,-2]]
3;3;[[0,0,0,0,0],[1,0,0,0,0],[0,1,0,0,0],[0,0,1,0,0],[-1,1,1,0,0],[0,0,0,1,0],[0,0,0,0,1],[-1,1,4,-2,-1]]
4;4;[[0,0,0,0,0],[1,0,0,0,0],[0,1,0,0,0],[1,1,0,0,0],[0,0,1,0,0],[0,0,0,1,0],[0,1,1,0,2],[0,1,0,1,2]]
2;2;[[0,0,0,0,0],[1,0,0,0,0],[0,1,0,0,0],[0,0,1,0,0],[0,0,0,1,0],[0,0,0,0,1],[1,-1,-1,0,-1],[1,-1,-1,-1,0]]
4;4;[[0,0,0,0,0],[1,0,0,0,0],[0,1,0,0,0],[0,0,1,0,0],[0,0,1,2,0],[0,0,0,0,1],[3,-3,0,0,1]]
3;3;[[0,0,0,0,0],[1,0,0,0,0],[0,1,0,0,0],[0,0,1,0,0],[0,0,0,1,0],[1,1,1,1,2],[-1,0,1,1,0],[1,2,1,1,2]]
2;2;[[0,0,0,0,0],[1,0,0,0,0],[0,1,0,0,0],[1,1,0,0,0],[0,0,1,0,0],[0,0,0,1,0],[0,0,0,0,1],[2,1,-1,-1,-1]]
3;3;[[0,0,0,0,0],[1,0,0,0,0],[0,1,0,0,0],[0,0,1,0,0],[0,0,0,1,0],[1,1,1,1,2],[2,0,0,0,-1]]
17/5;4;[[0,0,0,0,0],[1,0,0,0,0],[0,1,0,0,0],[0,0,1,0,0],[0,0,0,1,0],[0,0,0,0,1],[0,1,-1,-1,2],[0,-2,2,4,-3]]
4;4;[[0,0,0,0,0],[1,0,0,0,0],[0,1,0,0,0],[0,0,1,0,0],[0,0,0,1,0],[0,0,0,0,1],[0,2,-2,0,1],[0,3,-3,-1,2],[0,1,-1,-1,2]]
3;3;[[0,0,0,0,0],[1,0,0,0,0],[0,1,0,0,0],[0,0,1,0,0],[0,0,0,1,0],[0,1,1,1,2],[-2,0,0,1,-2]]
5;5;[[0,0,0,0,0],[1,0,0,0,0],[0,1,0,0,0],[0,0,1,0,0],[-2,2,1,0,0],[0,0,0,1,0],[2,-2,0,1,0],[0,0,0,0,1],[3,-3,0,0,1]]
3;3;[[0,0,0,0,0],[1,0,0,0,0],[0,1,0,0,0],[0,0,1,0,0],[0,0,0,1,0],[0,0,0,0,1],[1,3,-1,-1,-1],[-1,-1,1,2,0]]
4;4;[[0,0,0,0,0],[1,0,0,0,0],[0,1,0,0,0],[0,0,1,0,0],[0,0,0,1,0],[0,0,2,3,4],[0,0,2,4,5],[0,0,0,2,1]]
4/3;2;[[0,0,0,0,0],[1,0,0,0,0],[0,1,0,0,0],[0,0,1,0,0],[0,0,0,1,0],[0,0,0,0,1],[3,-2,-2,-2,-1]]
3;3;[[0,0,0,0,0],[1,0,0,0,0],[0,1,0,0,0],[0,0,1,0,0],[0,0,0,1,0],[1,1,1,1,2],[1,2,1,1,2],[0,1,1,0,0],[0,1,0,1,0]]
7/2;7/2;[[0,0,0,0,0],[1,0,0,0,0],[0,1,0,0,0],[0,0,1,0,0],[0,0,1,2,0],[0,0,1,0,2],[0,-1,2,1,2]]
4;4;[[0,0,0,0,0],[1,0,0,0,0],[0,1,0,0,0],[0,0,1,0,0],[0,0,1,2,0],[0,0,1,0,2],[0,0,1,2,-2]]
5/2;5/2;[[0,0,0,0,0],[1,0,0,0,0],[0,2,0,0,0],[0,0,1,0,0],[1,0,1,2,0],[0,0,0,0,1],[1,0,2,2,-1]]
3;3;[[0,0,0,0,0],[1,0,0,0,0],[0,1,0,0,0],[0,0,1,0,0],[0,0,0,1,0],[0,1,1,-1,0],[0,0,0,0,1],[-2,2,2,0,-1]]
9/4;3;[[0,0,0,0,0],[1,0,0,0,0],[0,1,0,0,0],[0,0,1,0,0],[0,0,0,1,0],[4,2,2,1,8]]
4;4;[[0,0,0,0,0],[1,0,0,0,0],[0,1,0,0,0],[0,0,1,0,0],[0,0,1,2,0],[0,0,0,0,1],[0,-3,3,3,1]]
4;4;[[0,0,0,0,0],[1,0,0,0,0],[0,1,0,0,0],[0,0,1,0,0],[1,1,1,2,0],[0,0,0,0,1],[-2,0,0,-2,1],[-1,0,1,0,1]]
3;3;[[0,0,0,0,0],[1,0,0,0,0],[0,1,0,0,0],[0,0,1,0,0],[0,0,1,2,0],[1,1,1,1,2],[1,1,1,3,2]]
7/4;3;[[0,0,0,0,0],[1,0,0,0,0],[0,1,0,0,0],[0,0,1,0,0],[0,0,0,1,0],[2,1,7,7,8]]
2;2;[[0,0,0,0,0],[1,0,0,0,0],[0,1,0,0,0],[1,1,0,0,0],[0,0,1,0,0],[0,0,0,1,0],[0,0,0,0,1],[1,1,-1,-1,-1]]
3;3;[[0,0,0,0,0],[1,0,0,0,0],[0,1,0,0,0],[0,0,1,0,0],[0,0,0,1,0],[0,0,0,0,1],[-1,2,2,-1,-1],[-2,2,2,-1,0]]
2;2;[[0,0,0,0,0],[1,0,0,0,0],[1,2,0,0,0],[0,0,1,0,0],[0,0,0,1,0],[0,0,0,0,1],[1,1,-1,-1,-1]]
3;3;[[0,0,0,0,0],[1,0,0,0,0],[0,1,0,0,0],[0,0,1,0,0],[0,0,0,1,0],[0,0,1,0,2],[2,-2,2,-1,2]]
7/2;7/2;[[0,0,0,0,0],[1,0,0,0,0],[0,1,0,0,0],[1,1,0,0,0],[0,0,1,0,0],[0,0,1,2,0],[0,0,1,0,2]]
4;4;[[0,0,0,0,0],[1,0,0,0,0],[0,1,0,0,0],[0,0,1,0,0],[0,0,0,1,0],[0,0,0,1,2],[0,-2,2,1,1],[0,1,-1,1,2]]
4;4;[[0,0,0,0,0],[1,0,0,0,0],[0,1,0,0,0],[0,0,1,0,0],[0,1,0,2,0],[0,0,0,0,1],[0,0,2,4,-1]]
4;4;[[0,0,0,0,0],[1,0,0,0,0],[0,1,0,0,0],[0,0,1,0,0],[-1,1,1,0,0],[0,0,0,1,0],[0,0,0,0,1],[-4,0,4,2,-1]]
4;4;[[0,0,0,0,0],[1,0,0,0,0],[0,1,0,0,0],[0,0,1,0,0],[0,0,0,1,0],[1,0,1,1,2],[0,1,2,0,2],[0,0,2,1,2]]
3;3;[[0,0,0,0,0],[1,0,0,0,0],[0,1,0,0,0],[0,0,1,0,0],[1,1,1,2,0],[1,1,0,1,2],[2,2,0,3,2]]
4;4;[[0,0,0,0,0],[1,0,0,0,0],[0,1,0,0,0],[0,0,1,0,0],[0,0,0,1,0],[0,0,0,0,1],[5,-5,2,-2,1]]
5/4;2;[[0,0,0,0,0],[1,0,0,0,0],[0,1,0,0,0],[0,0,1,0,0],[0,0,0,1,0],[2,5,7,7,8]]
3;3;[[0,0,0,0,0],[1,0,0,0,0],[0,1,0,0,0],[0,0,1,0,0],[0,0,0,1,0],[-1,1,1,-1,0],[0,0,0,0,1],[1,2,-1,0,-1]]
3;3;[[0,0,0,0,0],[1,0,0,0,0],[0,1,0,0,0],[0,0,1,0,0],[0,0,1,2,0],[1,1,1,1,2],[1,2,0,0,2]]
3;3;[[0,0,0,0,0],[1,0,0,0,0],[0,1,0,0,0],[0,0,1,0,0],[0,0,0,1,0],[0,3,3,3,4],[0,1,1,3,2]]
5/2;3;[[0,0,0,0,0],[1,0,0,0,0],[0,1,0,0,0],[0,0,1,0,0],[0,0,0,1,0],[0,0,0,0,1],[-2,2,2,4,-3]]
3;3;[[0,0,0,0,0],[1,0,0,0,0],[0,1,0,0,0],[0,0,1,0,0],[0,0,1,2,0],[0,0,0,0,1],[1,-2,3,2,-1]]
3/2;2;[[0,0,0,0,0],[1,0,0,0,0],[0,1,0,0,0],[0,0,1,0,0],[0,0,0,1,0],[4,3,3,3,8]]
11/3;4;[[0,0,0,0,0],[1,0,0,0,0],[0,1,0,0,0],[0,0,1,0,0],[0,0,0,1,0],[0,1,1,1,2],[0,-1,2,1,1],[0,1,2,1,3]]
4;4;[[0,0,0,0,0],[1,0,0,0,0],[0,1,0,0,0],[0,0,1,0,0],[0,0,0,1,0],[0,0,0,0,1],[0,-2,1,1,1],[0,-2,1,3,-1]]
7/3;3;[[0,0,0,0,0],[1,0,0,0,0],[0,1,0,0,0],[0,0,1,0,0],[0,0,0,1,0],[1,2,4,4,5],[1,0,-1,-1,-1]]
3;3;[[0,0,0,0,0],[1,0,0,0,0],[0,1,0,0,0],[1,1,0,0,0],[0,0,1,0,0],[0,0,0,1,0],[0,1,0,1,2],[0,1,-1,2,2]]
3;3;[[0,0,0,0,0],[1,0,0,0,0],[0,1,0,0,0],[1,1,0,0,0],[0,0,1,0,0],[0,0,0,1,0],[0,0,0,0,1],[-2,-2,2,2,-1]]
3;3;[[0,0,0,0,0],[1,0,0,0,0],[0,1,0,0,0],[0,0,1,0,0],[0,0,0,1,0],[0,0,0,0,1],[1,1,-1,0,1],[1,1,0,-1,1],[1,1,-1,-1,2]]
4;4;[[0,0,0,0,0],[1,0,0,0,0],[0,1,0,0,0],[0,0,1,0,0],[0,0,0,1,0],[0,1,3,1,4],[0,1,4,1,5],[0,0,-1,1,-1]]
7/2;7/2;[[0,0,0,0,0],[1,0,0,0,0],[0,1,0,0,0],[0,0,1,0,0],[0,0,0,1,0],[0,0,0,0,1],[0,-3,6,-4,2]]
3/4;3;[[0,0,0,0,0],[1,0,0,0,0],[0,1,0,0,0],[0,0,1,0,0],[0,0,0,1,0],[1,1,1,7,8]]
17/7;3;[[0,0,0,0,0],[1,0,0,0,0],[0,1,0,0,0],[0,0,1,0,0],[0,0,0,1,0],[2,1,4,4,5],[1,0,-1,-1,-1]]
4;4;[[0,0,0,0,0],[1,0,0,0,0],[0,1,0,0,0],[0,0,1,0,0],[0,0,0,1,0],[0,0,0,0,1],[0,-2,2,2,-1],[0,-3,3,2,-1],[0,-1,1,0,1]]
1;2;[[0,0,0,0,0],[1,0,0,0,0],[0,1,0,0,0],[0,0,1,0,0],[0,0,0,1,0],[2,5,5,7,8]]
17/6;3;[[0,0,0,0,0],[1,0,0,0,0],[0,1,0,0,0],[0,0,1,0,0],[0,0,0,1,0],[3,1,1,1,5],[-1,1,0,0,-1]]
5/2;5/2;[[0,0,0,0,0],[1,0,0,0,0],[0,1,0,0,0],[0,0,1,0,0],[0,1,1,2,0],[2,3,3,2,4]]
3;3;[[0,0,0,0,0],[1,0,0,0,0],[0,1,0,0,0],[0,0,1,0,0],[1,0,1,0,0],[0,0,0,1,0],[0,0,0,0,1],[0,2,1,-1,-1],[1,2,1,-1,-1]]
5;5;[[0,0,0,0,0],[1,0,0,0,0],[0,1,0,0,0],[0,0,1,0,0],[1,0,1,0,0],[0,1,1,0,0],[0,0,0,1,0],[0,0,-2,1,0],[0,0,0,0,1],[0,0,3,0,1]]
4;4;[[0,0,0,0,0],[1,0,0,0,0],[0,1,0,0,0],[0,0,1,0,0],[0,0,0,1,0],[0,0,0,0,1],[0,0,1,-1,1],[0,-1,1,2,-1],[0,-1,1,-1,2]]
11/7;2;[[0,0,0,0,0],[1,0,0,0,0],[0,1,0,0,0],[0,0,1,0,0],[0,0,0,1,0],[0,0,0,0,1],[1,-2,-2,-2,-1]]
4;4;[[0,0,0,0,0],[1,0,0,0,0],[0,1,0,0,0],[0,0,1,0,0],[0,0,0,1,0],[0,1,1,-1,0],[0,0,0,0,1],[0,3,-3,0,1]]
4;4;[[0,0,0,0,0],[1,0,0,0,0],[0,1,0,0,0],[0,0,1,0,0],[0,0,0,1,0],[0,0,0,0,1],[-1,1,0,0,1],[-2,2,-1,1,1],[1,-1,1,-1,1]]
3;3;[[0,0,0,0,0],[1,0,0,0,0],[0,1,0,0,0],[0,0,1,0,0],[0,0,0,1,0],[0,4,6,7,8]]
7/2;4;[[0,0,0,0,0],[1,0,0,0,0],[0,1,0,0,0],[0,0,1,0,0],[0,0,0,1,0],[0,0,0,1,2],[0,2,-2,1,-2]]
3/2;2;[[0,0,0,0,0],[1,0,0,0,0],[0,1,0,0,0],[0,0,1,0,0],[0,0,0,1,0],[1,1,2,2,3],[1,1,-1,-1,-1]]
4;4;[[0,0,0,0,0],[1,0,0,0,0],[0,1,0,0,0],[0,0,1,0,0],[0,0,0,1,0],[0,0,1,0,2],[0,0,-1,2,2],[0,0,2,-1,1]]
26/7;4;[[0,0,0,0,0],[1,0,0,0,0],[0,1,0,0,0],[0,0,1,0,0],[0,0,1,2,0],[0,0,1,1,3],[0,0,1,0,-1]]
4;4;[[0,0,0,0,0],[1,0,0,0,0],[0,1,0,0,0],[0,0,1,0,0],[0,0,0,1,0],[0,-3,3,1,0],[0,0,0,0,1],[0,-3,4,1,-1]]
3;3;[[0,0,0,0,0],[1,0,0,0,0],[0,1,0,0,0],[1,0,2,0,0],[0,0,0,1,0],[0,0,0,0,1],[3,1,6,-2,-1]]
8/3;3;[[0,0,0,0,0],[1,0,0,0,0],[0,1,0,0,0],[0,0,1,0,0],[0,0,0,1,0],[0,0,0,0,1],[-1,2,2,-1,-1],[2,-1,-1,1,0]]
5/2;3;[[0,0,0,0,0],[1,0,0,0,0],[0,1,0,0,0],[0,0,1,0,0],[0,0,0,1,0],[1,1,1,1,2],[-1,-1,1,1,-2]]
8/3;3;[[0,0,0,0,0],[1,0,0,0,0],[0,1,0,0,0],[0,0,1,0,0],[1,1,1,2,0],[0,0,0,0,1],[2,0,-2,-2,-1]]
5;5;[[0,0,0,0,0],[1,0,0,0,0],[0,1,0,0,0],[0,0,1,0,0],[0,0,0,1,0],[-1,1,0,1,0],[-1,0,1,1,0],[0,0,0,0,1],[5,0,0,-5,1]]
4;4;[[0,0,0,0,0],[1,0,0,0,0],[0,1,0,0,0],[0,0,1,0,0],[1,-1,1,0,0],[0,0,0,1,0],[0,0,0,0,1],[-2,2,-1,1,1],[0,0,-1,1,1]]
3;3;[[0,0,0,0,0],[1,0,0,0,0],[0,1,0,0,0],[0,0,1,0,0],[0,0,0,1,0],[0,1,1,1,2],[-1,1,1,2,2],[-2,1,2,2,2]]
3;3;[[0,0,0,0,0],[1,0,0,0,0],[0,1,0,0,0],[0,0,1,0,0],[0,1,1,0,0],[0,0,0,1,0],[0,0,0,0,1],[1,2,1,-1,-1],[1,2,2,-1,-1]]
4;4;[[0,0,0,0,0],[1,0,0,0,0],[0,1,0,0,0],[0,0,1,0,0],[0,0,0,1,0],[1,0,0,1,0],[0,0,0,0,1],[0,-1,1,0,1],[0,0,0,1,1],[0,-1,1,-1,1]]
2;3;[[0,0,0,0,0],[1,0,0,0,0],[0,1,0,0,0],[0,0,1,0,0],[0,0,1,2,0],[2,1,0,2,4]]
4;4;[[0,0,0,0,0],[1,0,0,0,0],[0,1,0,0,0],[0,0,1,0,0],[-1,1,1,0,0],[0,0,0,1,0],[-2,0,2,1,0],[0,0,0,0,1],[-1,0,1,2,-1]]
3;3;[[0,0,0,0,0],[1,0,0,0,0],[0,1,0,0,0],[0,1,2,0,0],[0,0,0,1,0],[0,0,0,0,1],[0,3,3,-1,-1],[0,2,1,-1,0]]
4;4;[[0,0,0,0,0],[1,0,0,0,0],[0,1,0,0,0],[0,0,1,0,0],[0,0,0,1,0],[0,0,0,0,1],[0,3,-3,1,0],[0,3,-3,2,-1]]
8/3;3;[[0,0,0,0,0],[1,0,0,0,0],[0,1,0,0,0],[0,0,1,0,0],[-1,1,1,0,0],[0,0,0,1,0],[0,1,1,1,2],[1,0,0,-1,-1]]
3;3;[[0,0,0,0,0],[1,0,0,0,0],[0,1,0,0,0],[1,1,0,0,0],[0,0,1,0,0],[0,0,0,1,0],[0,0,1,0,2],[1,1,1,-1,2]]
4;4;[[0,0,0,0,0],[1,0,0,0,0],[0,1,0,0,0],[0,0,1,0,0],[0,0,0,1,0],[0,0,0,1,2],[2,-2,1,0,-2]]
11/3;4;[[0,0,0,0,0],[1,0,0,0,0],[0,1,0,0,0],[0,0,1,0,0],[0,0,0,1,0],[0,1,1,-1,0],[0,0,0,0,1],[0,4,-2,-2,1]]
20/7;3;[[0,0,0,0,0],[1,0,0,0,0],[0,1,0,0,0],[0,1,2,0,0],[0,0,0,1,0],[0,0,0,0,1],[0,4,7,-1,-2]]
2;2;[[0,0,0,0,0],[1,0,0,0,0],[0,1,0,0,0],[1,1,2,0,0],[0,0,0,1,0],[0,0,0,0,1],[2,0,-2,-1,-1]]
7/2;4;[[0,0,0,0,0],[1,0,0,0,0],[0,1,0,0,0],[0,0,1,0,0],[1,3,1,4,0],[0,0,0,0,1],[1,3,0,4,1]]
5/2;3;[[0,0,0,0,0],[1,0,0,0,0],[0,1,0,0,0],[0,0,1,0,0],[0,0,0,1,0],[4,4,6,3,8]]
8/3;3;[[0,0,0,0,0],[1,0,0,0,0],[0,1,0,0,0],[0,0,1,0,0],[0,0,0,1,0],[0,0,0,0,1],[3,1,-2,-1,0],[3,1,-2,0,-1]]
4;4;[[0,0,0,0,0],[1,0,0,0,0],[0,1,0,0,0],[0,0,1,0,0],[0,1,0,2,0],[0,0,0,0,1],[0,3,-3,6,1]]
23/7;4;[[0,0,0,0,0],[1,0,0,0,0],[0,1,0,0,0],[0,0,1,0,0],[0,0,0,1,0],[0,1,1,2,3],[0,-1,1,-3,-4]]
3;3;[[0,0,0,0,0],[1,0,0,0,0],[0,1,0,0,0],[0,1,2,0,0],[0,0,0,1,0],[0,2,3,-1,0],[0,0,0,0,1],[0,3,5,-1,-1]]
3;3;[[0,0,0,0,0],[1,0,0,0,0],[0,1,0,0,0],[0,0,1,0,0],[0,0,0,1,0],[2,1,2,2,3],[-1,2,1,1,1]]
4;4;[[0,0,0,0,0],[1,0,0,0,0],[0,1,0,0,0],[0,0,1,0,0],[0,0,0,1,0],[0,-1,1,1,0],[0,0,0,0,1],[0,-1,1,4,-3]]
4;4;[[0,0,0,0,0],[1,0,0,0,0],[0,1,0,0,0],[0,0,1,0,0],[1,1,1,2,0],[0,0,0,0,1],[3,3,0,6,1]]
3;3;[[0,0,0,0,0],[1,0,0,0,0],[0,1,0,0,0],[0,0,1,0,0],[0,0,0,1,0],[0,0,0,0,1],[1,1,3,-2,-2],[-1,0,-1,2,1]]
8/3;3;[[0,0,0,0,0],[1,0,0,0,0],[0,1,0,0,0],[0,0,1,0,0],[1,1,1,2,0],[0,1,-1,-1,0],[0,0,0,0,1],[0,2,-1,-1,-1]]
4;4;[[0,0,0,0,0],[1,0,0,0,0],[0,1,0,0,0],[0,0,1,0,0],[0,0,0,1,0],[0,0,0,0,1],[0,1,-2,1,1],[0,-2,1,1,1]]
4;4;[[0,0,0,0,0],[1,0,0,0,0],[0,1,0,0,0],[1,1,0,0,0],[0,0,1,0,0],[0,0,0,1,0],[0,1,0,1,0],[0,1,1,0,0],[0,0,0,0,1],[0,2,1,1,-1]]
3;3;[[0,0,0,0,0],[1,0,0,0,0],[0,1,0,0,0],[0,0,1,0,0],[0,0,0,1,0],[1,1,1,1,2],[-1,0,0,-1,-2],[0,1,1,-1,0]]
3;3;[[0,0,0,0,0],[1,0,0,0,0],[0,1,0,0,0],[0,0,1,0,0],[0,2,3,4,0],[0,0,0,0,1],[0,3,4,5,-1]]
3/2;2;[[0,0,0,0,0],[1,0,0,0,0],[0,1,0,0,0],[0,0,1,0,0],[0,0,0,1,0],[2,6,6,7,8]]
5/2;3;[[0,0,0,0,0],[1,0,0,0,0],[0,1,0,0,0],[0,0,1,0,0],[-1,1,1,0,0],[0,0,0,1,0],[0,2,2,1,4]]
1;2;[[0,0,0,0,0],[1,0,0,0,0],[0,1,0,0,0],[0,0,1,0,0],[0,0,0,1,0],[2,3,3,3,8]]
2;2;[[0,0,0,0,0],[1,0,0,0,0],[0,1,0,0,0],[0,0,1,0,0],[0,1,1,2,0],[0,0,0,0,1],[-2,3,3,4,-1]]
5;5;[[0,0,0,0,0],[1,0,0,0,0],[0,1,0,0,0],[0,0,1,0,0],[0,1,0,2,0],[0,0,1,-2,0],[0,0,0,0,1],[0,0,0,4,1]]
3;3;[[0,0,0,0,0],[1,0,0,0,0],[0,1,0,0,0],[0,0,1,0,0],[0,0,0,1,0],[1,1,0,1,2],[1,1,-1,2,2],[0,1,0,2,2]]
4;4;[[0,0,0,0,0],[1,0,0,0,0],[0,1,0,0,0],[0,0,1,0,0],[-1,1,1,0,0],[0,0,0,1,0],[1,0,-1,1,0],[1,0,1,1,2],[2,0,0,1,2]]
5;5;[[0,0,0,0,0],[1,0,0,0,0],[0,1,0,0,0],[1,1,0,0,0],[0,0,1,0,0],[0,0,0,1,0],[0,2,1,0,0],[0,0,0,0,1],[0,-2,0,0,1],[0,-2,0,1,0]]
13/5;3;[[0,0,0,0,0],[1,0,0,0,0],[0,1,0,0,0],[0,0,1,0,0],[0,0,0,1,0],[1,1,1,0,2],[1,2,-2,-1,-1]]
4;4;[[0,0,0,0,0],[1,0,0,0,0],[0,1,0,0,0],[0,0,1,0,0],[0,0,0,1,0],[0,-1,1,0,0],[1,-1,1,0,0],[0,0,0,0,1],[0,-2,2,2,-1]]
3;3;[[0,0,0,0,0],[1,0,0,0,0],[0,1,0,0,0],[0,0,1,0,0],[0,0,0,1,0],[0,0,0,0,1],[1,2,-1,0,-1],[1,2,-1,-1,0],[0,1,0,-1,1]]
3;3;[[0,0,0,0,0],[1,0,0,0,0],[0,1,0,0,0],[0,0,1,0,0],[0,0,0,1,0],[0,-1,1,1,0],[-1,0,1,1,0],[0,0,0,0,1],[-1,-1,2,2,-1]]
3;3;[[0,0,0,0,0],[1,0,0,0,0],[0,1,0,0,0],[0,0,1,0,0],[0,0,0,1,0],[0,3,3,3,4],[0,2,3,4,4]]
2;2;[[0,0,0,0,0],[1,0,0,0,0],[1,2,0,0,0],[0,0,1,0,0],[0,0,0,1,0],[0,0,0,0,1],[2,4,-1,-1,-1]]
2;2;[[0,0,0,0,0],[1,0,0,0,0],[0,1,0,0,0],[0,0,1,0,0],[2,2,3,4,0],[0,0,0,0,1],[1,1,3,2,-1]]
4;4;[[0,0,0,0,0],[1,0,0,0,0],[0,1,0,0,0],[0,0,1,0,0],[0,0,0,1,0],[0,1,-1,1,0],[0,0,0,0,1],[0,-2,4,1,-2]]
5/2;3;[[0,0,0,0,0],[1,0,0,0,0],[0,1,0,0,0],[0,0,1,0,0],[0,0,0,1,0],[1,1,1,1,2],[0,1,-2,-2,-2]]
3/2;2;[[0,0,0,0,0],[1,0,0,0,0],[0,1,0,0,0],[0,0,1,0,0],[0,0,0,1,0],[1,1,0,1,4],[1,1,-1,2,4]]
2;3;[[0,0,0,0,0],[1,0,0,0,0],[0,1,0,0,0],[0,0,1,0,0],[0,0,0,1,0],[1,1,0,2,3],[1,1,-1,-1,-1]]
3;3;[[0,0,0,0,0],[1,0,0,0,0],[0,1,0,0,0],[0,0,1,0,0],[1,1,1,2,0],[1,1,1,0,2],[2,2,1,2,2]]
1;2;[[0,0,0,0,0],[1,0,0,0,0],[0,1,0,0,0],[0,0,1,0,0],[0,0,0,1,0],[6,3,3,7,8]]
23/7;4;[[0,0,0,0,0],[1,0,0,0,0],[0,1,0,0,0],[0,0,1,0,0],[0,0,0,1,0],[0,0,0,0,1],[0,1,7,-1,-6]]
3;3;[[0,0,0,0,0],[1,0,0,0,0],[0,1,0,0,0],[0,0,1,0,0],[1,-1,1,0,0],[0,0,0,1,0],[0,0,0,0,1],[2,-1,2,-1,-1],[2,-2,3,-1,-1]]
7/2;7/2;[[0,0,0,0,0],[1,0,0,0,0],[0,1,0,0,0],[0,1,2,0,0],[0,0,0,1,0],[0,2,0,3,4]]
3;3;[[0,0,0,0,0],[1,0,0,0,0],[0,1,0,0,0],[0,0,1,0,0],[0,0,0,1,0],[0,0,0,0,1],[4,-2,-2,1,-3]]
9/4;3;[[0,0,0,0,0],[1,0,0,0,0],[0,1,0,0,0],[0,0,1,0,0],[0,0,0,1,0],[4,4,4,1,8]]
10/3;7/2;[[0,0,0,0,0],[1,0,0,0,0],[0,1,0,0,0],[0,0,1,0,0],[0,0,0,1,0],[0,2,2,1,4],[0,3,2,2,6]]
5/2;5/2;[[0,0,0,0,0],[1,0,0,0,0],[0,1,0,0,0],[0,0,1,0,0],[1,0,0,2,0],[3,3,3,2,4]]
5/2;3;[[0,0,0,0,0],[1,0,0,0,0],[0,1,0,0,0],[0,0,1,0,0],[0,0,0,1,0],[2,3,1,1,4],[2,2,1,2,4]]
2;5/2;[[0,0,0,0,0],[1,0,0,0,0],[0,1,0,0,0],[0,0,1,0,0],[0,0,1,2,0],[1,1,0,1,2],[-1,-1,2,1,-2]]
8/3;3;[[0,0,0,0,0],[1,0,0,0,0],[0,1,0,0,0],[0,0,1,0,0],[2,1,1,3,0],[0,0,0,0,1],[2,2,2,4,-1]]
11/3;4;[[0,0,0,0,0],[1,0,0,0,0],[0,1,0,0,0],[0,0,1,0,0],[-1,1,1,0,0],[0,0,0,1,0],[0,0,0,0,1],[1,0,-1,-1,2],[-1,0,1,2,-1]]
3/4;3;[[0,0,0,0,0],[1,0,0,0,0],[0,1,0,0,0],[0,0,1,0,0],[0,0,0,1,0],[1,1,3,5,8]]
4;4;[[0,0,0,0,0],[1,0,0,0,0],[0,1,0,0,0],[0,0,1,0,0],[-1,1,1,0,0],[0,0,0,1,0],[0,0,0,0,1],[-1,1,0,0,1],[0,0,-1,1,1],[-1,1,1,-1,1]]
3;3;[[0,0,0,0,0],[1,0,0,0,0],[0,1,0,0,0],[0,0,1,0,0],[-1,1,1,0,0],[0,0,0,1,0],[0,0,0,0,1],[-2,2,4,-2,-1]]
3;3;[[0,0,0,0,0],[1,0,0,0,0],[0,1,0,0,0],[0,0,1,0,0],[0,0,0,1,0],[0,1,1,1,2],[-2,1,0,2,2]]
3;3;[[0,0,0,0,0],[1,0,0,0,0],[0,1,0,0,0],[0,0,1,0,0],[0,0,0,1,0],[0,0,0,0,1],[4,-2,2,2,-1]]
5/2;3;[[0,0,0,0,0],[1,0,0,0,0],[0,1,0,0,0],[0,0,1,0,0],[0,0,1,2,0],[2,1,2,2,4]]
2;2;[[0,0,0,0,0],[1,0,0,0,0],[0,1,0,0,0],[0,0,1,0,0],[1,1,0,2,0],[1,2,-1,2,0],[0,0,0,0,1],[2,3,-1,4,-1]]
5/2;3;[[0,0,0,0,0],[1,0,0,0,0],[0,1,0,0,0],[0,0,1,0,0],[0,0,0,1,0],[1,0,1,1,2],[-1,-2,1,1,-2]]
3;3;[[0,0,0,0,0],[1,0,0,0,0],[0,1,0,0,0],[0,0,1,0,0],[0,0,0,1,0],[0,0,0,0,1],[-2,2,2,-1,0],[-2,2,2,0,-1]]
3;3;[[0,0,0,0,0],[1,0,0,0,0],[0,1,0,0,0],[1,1,0,0,0],[0,0,1,0,0],[0,0,0,1,0],[0,0,0,1,2],[0,0,-1,2,2]]
4;4;[[0,0,0,0,0],[1,0,0,0,0],[0,1,0,0,0],[0,0,1,0,0],[1,-1,1,0,0],[0,0,0,1,0],[0,0,0,0,1],[0,-2,2,1,-1],[0,-2,2,1,0]]
4;4;[[0,0,0,0,0],[1,0,0,0,0],[0,1,0,0,0],[0,0,1,0,0],[0,0,0,1,0],[0,0,1,0,2],[0,1,1,-1,3],[0,-1,0,2,-1]]
8/3;3;[[0,0,0,0,0],[1,0,0,0,0],[0,1,0,0,0],[0,0,1,0,0],[0,0,0,1,0],[1,2,1,1,3],[1,0,0,0,-1]]
5/2;3;[[0,0,0,0,0],[1,0,0,0,0],[0,1,0,0,0],[1,1,2,0,0],[0,0,0,1,0],[0,2,0,1,4]]
11/4;4;[[0,0,0,0,0],[1,0,0,0,0],[0,1,0,0,0],[0,0,1,0,0],[0,0,0,1,0],[0,2,6,1,8]]
4;4;[[0,0,0,0,0],[1,0,0,0,0],[0,1,0,0,0],[1,1,0,0,0],[0,0,1,0,0],[0,0,0,1,0],[0,0,0,0,1],[0,2,1,1,-1],[0,-1,0,1,0]]
3/4;2;[[0,0,0,0,0],[1,0,0,0,0],[0,1,0,0,0],[0,0,1,0,0],[0,0,0,1,0],[1,1,5,5,8]]
2;2;[[0,0,0,0,0],[1,0,0,0,0],[0,1,0,0,0],[0,0,1,0,0],[1,1,1,2,0],[0,0,0,0,1],[2,2,2,2,-1]]
4;4;[[0,0,0,0,0],[1,0,0,0,0],[0,1,0,0,0],[0,0,1,0,0],[0,0,0,1,0],[0,0,0,0,1],[-1,1,1,0,0],[2,-2,2,-2,1]]
3;3;[[0,0,0,0,0],[1,0,0,0,0],[0,1,0,0,0],[0,0,1,0,0],[0,0,0,1,0],[0,0,0,0,1],[-2,2,1,1,-1],[-4,2,2,2,-1]]
4;4;[[0,0,0,0,0],[1,0,0,0,0],[0,1,0,0,0],[0,0,1,0,0],[0,0,0,1,0],[-1,1,1,0,0],[0,0,0,0,1],[-2,2,1,1,-1],[0,0,-1,1,1]]
7/2;4;[[0,0,0,0,0],[1,0,0,0,0],[0,1,0,0,0],[0,0,1,0,0],[0,0,0,1,0],[0,0,0,0,1],[0,-4,4,4,-3]]
7/3;5/2;[[0,0,0,0,0],[1,0,0,0,0],[0,1,0,0,0],[0,0,1,0,0],[0,0,0,1,0],[1,1,1,1,2],[2,0,-2,-2,-2]]
7/2;4;[[0,0,0,0,0],[1,0,0,0,0],[0,1,0,0,0],[0,0,1,0,0],[0,0,0,1,0],[0,1,-1,1,0],[0,0,0,0,1],[0,2,-2,4,-3]]
2;2;[[0,0,0,0,0],[1,0,0,0,0],[0,1,0,0,0],[1,1,0,0,0],[0,0,1,0,0],[0,0,0,1,0],[1,1,0,1,2],[1,1,-1,2,2]]
5/3;2;[[0,0,0,0,0],[1,0,0,0,0],[0,1,0,0,0],[0,0,1,0,0],[0,0,0,1,0],[1,1,1,1,2],[-1,-1,-1,-3,-3]]
3;3;[[0,0,0,0,0],[1,0,0,0,0],[0,1,0,0,0],[0,0,1,0,0],[0,1,0,2,0],[0,0,0,0,1],[2,2,-2,4,-1]]
4;4;[[0,0,0,0,0],[1,0,0,0,0],[0,1,0,0,0],[0,0,1,0,0],[0,0,0,1,0],[0,0,0,1,2],[-1,1,1,0,-1],[-1,1,1,0,1]]
10/3;4;[[0,0,0,0,0],[1,0,0,0,0],[0,1,0,0,0],[0,0,1,0,0],[0,0,0,1,0],[0,0,0,0,1],[0,-2,2,6,-5]]
7/2;7/2;[[0,0,0,0,0],[1,0,0,0,0],[0,1,0,0,0],[0,0,1,0,0],[1,1,1,2,0],[0,0,0,0,1],[0,1,-1,0,1],[-1,0,-2,-2,2]]
3;3;[[0,0,0,0,0],[1,0,0,0,0],[0,1,0,0,0],[0,0,1,0,0],[0,0,1,2,0],[0,0,0,0,1],[1,1,2,2,-1]]
4;4;[[0,0,0,0,0],[1,0,0,0,0],[0,1,0,0,0],[0,0,1,0,0],[0,0,0,1,0],[1,0,-1,1,0],[0,1,-1,1,0],[0,0,0,0,1],[1,0,-1,2,-1],[0,1,-1,0,1]]
23/6;4;[[0,0,0,0,0],[1,0,0,0,0],[0,1,0,0,0],[0,0,1,0,0],[0,0,0,1,0],[0,0,2,3,4],[0,0,0,3,2]]
5;5;[[0,0,0,0,0],[1,0,0,0,0],[0,1,0,0,0],[0,0,1,0,0],[0,0,1,2,0],[0,0,0,0,1],[0,0,0,-6,1]]
7/5;2;[[0,0,0,0,0],[1,0,0,0,0],[0,1,0,0,0],[0,0,1,0,0],[0,0,0,1,0],[0,0,0,0,1],[3,-4,-1,-1,-1]]
4;4;[[0,0,0,0,0],[1,0,0,0,0],[0,1,0,0,0],[0,0,1,0,0],[0,0,0,1,0],[0,3,-3,1,0],[0,0,0,0,1],[0,5,-5,2,-1]]
2;3;[[0,0,0,0,0],[1,0,0,0,0],[0,1,0,0,0],[0,0,1,0,0],[0,0,0,1,0],[4,1,1,3,8]]
13/5;3;[[0,0,0,0,0],[1,0,0,0,0],[0,1,0,0,0],[0,0,1,0,0],[0,0,0,1,0],[0,0,0,0,1],[3,5,-3,-3,-1]]
7/2;4;[[0,0,0,0,0],[1,0,0,0,0],[0,1,0,0,0],[0,0,1,0,0],[0,0,1,4,0],[0,0,0,0,1],[0,0,2,1,-1]]
4;4;[[0,0,0,0,0],[1,0,0,0,0],[0,1,0,0,0],[0,0,1,0,0],[0,1,0,2,0],[0,0,1,1,0],[0,0,1,0,2],[0,0,1,1,2]]
5;5;[[0,0,0,0,0],[1,0,0,0,0],[0,1,0,0,0],[0,0,1,0,0],[-1,1,1,0,0],[0,0,0,1,0],[3,0,-3,1,0],[0,0,0,0,1],[3,0,-3,0,1]]
4;4;[[0,0,0,0,0],[1,0,0,0,0],[0,1,0,0,0],[0,0,1,0,0],[0,0,0,1,0],[0,0,0,0,1],[-1,1,0,1,0],[-2,2,1,1,-1],[1,-1,-1,0,2]]
7/4;3;[[0,0,0,0,0],[1,0,0,0,0],[0,1,0,0,0],[0,0,1,0,0],[0,0,0,1,0],[4,2,6,1,8]]
3/2;2;[[0,0,0,0,0],[1,0,0,0,0],[0,1,0,0,0],[0,0,1,0,0],[0,0,0,1,0],[4,5,5,7,8]]
19/5;4;[[0,0,0,0,0],[1,0,0,0,0],[0,1,0,0,0],[0,0,1,0,0],[0,0,0,1,0],[0,0,4,2,5],[0,0,1,2,2]]
3;3;[[0,0,0,0,0],[1,0,0,0,0],[0,1,0,0,0],[0,0,1,0,0],[0,0,0,1,0],[0,0,0,0,1],[-4,4,4,-2,-1]]
5/2;5/2;[[0,0,0,0,0],[1,0,0,0,0],[0,1,0,0,0],[0,0,1,0,0],[0,0,0,1,0],[0,0,0,0,1],[-3,-2,-2,1,1]]
17/7;3;[[0,0,0,0,0],[1,0,0,0,0],[0,1,0,0,0],[0,0,1,0,0],[0,0,0,1,0],[3,1,2,3,4],[1,0,-1,-1,-1]]
3;7/2;[[0,0,0,0,0],[1,0,0,0,0],[0,1,0,0,0],[0,1,2,0,0],[0,0,0,1,0],[2,2,0,1,4]]
2;3;[[0,0,0,0,0],[2,0,0,0,0],[0,1,0,0,0],[0,0,1,0,0],[0,0,0,1,0],[0,1,1,3,4]]
2;5/2;[[0,0,0,0,0],[1,0,0,0,0],[0,1,0,0,0],[0,0,1,0,0],[0,0,0,1,0],[1,1,0,1,2],[-1,1,-1,-2,-2]]
3;3;[[0,0,0,0,0],[1,0,0,0,0],[0,1,0,0,0],[0,0,1,0,0],[0,0,0,1,0],[-2,2,2,-1,0],[0,0,0,0,1],[-3,3,3,-1,-1]]
14/5;3;[[0,0,0,0,0],[1,0,0,0,0],[0,1,0,0,0],[0,1,2,0,0],[0,0,0,1,0],[0,0,0,0,1],[0,4,5,-1,-2]]
3;3;[[0,0,0,0,0],[1,0,0,0,0],[0,1,0,0,0],[0,0,2,0,0],[0,1,0,2,0],[1,1,0,0,2]]
3;3;[[0,0,0,0,0],[1,0,0,0,0],[0,1,0,0,0],[1,-1,0,0,0],[0,0,1,0,0],[0,0,0,1,0],[0,0,0,0,1],[-2,0,1,1,-1]]
3/2;2;[[0,0,0,0,0],[1,0,0,0,0],[0,1,0,0,0],[0,0,1,0,0],[0,0,0,1,0],[1,3,0,3,4],[1,3,-1,4,4]]
12/5;3;[[0,0,0,0,0],[1,0,0,0,0],[0,1,0,0,0],[0,0,1,0,0],[0,0,0,1,0],[0,0,0,0,1],[5,1,-2,-2,-3]]
3;3;[[0,0,0,0,0],[1,0,0,0,0],[0,1,0,0,0],[0,1,2,0,0],[0,0,0,1,0],[0,2,1,-1,0],[0,0,0,0,1],[0,3,2,-1,-1]]
2;2;[[0,0,0,0,0],[1,0,0,0,0],[0,1,0,0,0],[0,0,1,0,0],[1,0,1,2,0],[1,3,2,2,4]]
3;3;[[0,0,0,0,0],[1,0,0,0,0],[0,1,0,0,0],[0,0,1,0,0],[0,0,0,1,0],[1,0,0,1,0],[0,0,0,0,1],[1,1,1,1,-1],[0,1,1,0,0]]
3;3;[[0,0,0,0,0],[1,0,0,0,0],[0,1,0,0,0],[0,0,1,0,0],[0,0,0,1,0],[0,0,0,0,1],[2,-1,1,-2,-1],[1,-1,0,-1,0]]
4;4;[[0,0,0,0,0],[1,0,0,0,0],[0,1,0,0,0],[0,0,1,0,0],[0,0,0,1,0],[0,0,0,0,1],[0,0,-1,1,1],[-3,1,-2,2,3]]
3;3;[[0,0,0,0,0],[1,0,0,0,0],[0,1,0,0,0],[0,0,1,0,0],[-1,1,1,0,0],[0,0,0,1,0],[-1,1,2,-1,0],[0,0,0,0,1],[-1,2,1,0,-1]]
4;4;[[0,0,0,0,0],[1,0,0,0,0],[0,1,0,0,0],[0,0,1,0,0],[0,0,0,1,0],[0,0,3,2,4],[0,0,-2,-1,-4]]
3;3;[[0,0,0,0,0],[1,0,0,0,0],[0,1,0,0,0],[0,0,1,0,0],[0,0,0,1,0],[1,1,0,1,2],[1,0,-1,0,-1],[2,1,-1,0,1]]
3;3;[[0,0,0,0,0],[1,0,0,0,0],[0,1,0,0,0],[0,1,2,0,0],[0,0,0,1,0],[0,0,0,0,1],[0,3,3,-1,-1],[0,3,2,-1,-1]]
4;4;[[0,0,0,0,0],[1,0,0,0,0],[0,1,0,0,0],[0,0,1,0,0],[0,0,0,1,0],[0,0,0,0,1],[4,-4,3,-3,1]]
2;2;[[0,0,0,0,0],[1,0,0,0,0],[0,1,0,0,0],[0,0,1,0,0],[0,0,0,1,0],[0,0,0,0,1],[2,-2,-2,-2,-1]]
1;2;[[0,0,0,0,0],[1,0,0,0,0],[0,1,0,0,0],[0,0,1,0,0],[0,0,0,1,0],[2,1,1,3,8]]
3;3;[[0,0,0,0,0],[1,0,0,0,0],[0,1,0,0,0],[0,0,1,0,0],[0,0,0,1,0],[0,0,0,0,1],[-2,1,2,1,-1],[2,-1,-1,1,0]]
3;3;[[0,0,0,0,0],[1,0,0,0,0],[0,1,0,0,0],[0,0,1,0,0],[0,0,0,1,0],[2,1,1,-1,0],[0,0,0,0,1],[3,1,1,-1,-1]]
4;4;[[0,0,0,0,0],[1,0,0,0,0],[0,1,0,0,0],[0,0,1,0,0],[0,0,0,1,0],[0,0,0,0,1],[0,1,0,-1,1],[0,3,-1,-2,1],[0,4,-2,-2,1]]
3;3;[[0,0,0,0,0],[1,0,0,0,0],[0,1,0,0,0],[0,0,1,0,0],[0,0,0,1,0],[0,0,0,0,1],[-2,3,2,-1,-1],[-3,3,3,-1,-1]]
3/2;2;[[0,0,0,0,0],[1,0,0,0,0],[0,1,0,0,0],[0,0,1,0,0],[0,0,0,1,0],[1,1,0,0,2],[1,1,-1,-1,-2]]
3;3;[[0,0,0,0,0],[1,0,0,0,0],[0,1,0,0,0],[0,0,1,0,0],[0,0,1,2,0],[0,0,0,0,1],[2,2,0,0,-1]]
2;3;[[0,0,0,0,0],[1,0,0,0,0],[0,1,0,0,0],[0,0,1,0,0],[0,0,0,1,0],[1,1,0,3,4],[1,1,-1,4,4]]
4;4;[[0,0,0,0,0],[1,0,0,0,0],[0,1,0,0,0],[0,0,1,0,0],[0,0,0,1,0],[0,0,0,0,1],[2,-2,2,1,-2],[0,1,-1,1,0]]
3;3;[[0,0,0,0,0],[1,0,0,0,0],[0,1,0,0,0],[0,0,1,0,0],[0,0,0,1,0],[0,1,1,1,2],[1,0,0,0,1],[1,-1,-1,0,-1]]
3;3;[[0,0,0,0,0],[1,0,0,0,0],[0,1,0,0,0],[0,0,1,0,0],[-1,1,1,0,0],[0,0,0,1,0],[0,0,0,0,1],[-1,2,2,-1,-1],[-1,2,1,-1,0]]
7/2;7/2;[[0,0,0,0,0],[1,0,0,0,0],[0,2,0,0,0],[0,0,1,0,0],[0,0,0,1,0],[1,0,1,0,2],[-1,0,0,1,-2]]
4;4;[[0,0,0,0,0],[1,0,0,0,0],[0,1,0,0,0],[0,0,1,0,0],[1,-1,1,0,0],[0,0,0,1,0],[1,-1,2,-1,0],[0,0,0,0,1],[2,-2,0,0,1]]
2;2;[[0,0,0,0,0],[1,0,0,0,0],[0,1,0,0,0],[0,0,1,0,0],[0,0,0,1,0],[0,0,0,0,1],[4,-2,-2,-2,-1]]
3/2;2;[[0,0,0,0,0],[1,0,0,0,0],[0,1,0,0,0],[0,0,1,0,0],[0,1,1,2,0],[1,2,2,2,4]]
7/2;4;[[0,0,0,0,0],[1,0,0,0,0],[0,1,0,0,0],[0,0,1,0,0],[0,0,0,1,0],[0,0,2,7,8]]
2;2;[[0,0,0,0,0],[1,0,0,0,0],[0,1,0,0,0],[0,0,1,0,0],[1,1,1,2,0],[0,0,1,1,2],[1,1,1,3,2]]
2;2;[[0,0,0,0,0],[1,0,0,0,0],[0,1,0,0,0],[0,0,1,0,0],[0,0,0,1,0],[3,-1,-1,-1,0],[0,0,0,0,1],[4,-1,-1,-1,-1]]
4;4;[[0,0,0,0,0],[1,0,0,0,0],[0,1,0,0,0],[0,0,1,0,0],[0,0,0,1,0],[0,1,1,-1,0],[1,1,0,1,2],[1,3,0,-1,2]]
2;2;[[0,0,0,0,0],[1,0,0,0,0],[0,1,0,0,0],[0,0,1,0,0],[2,1,2,3,0],[0,0,0,0,1],[2,1,1,1,-1]]
5/2;3;[[0,0,0,0,0],[1,0,0,0,0],[0,1,0,0,0],[0,0,1,0,0],[1,0,0,2,0],[1,1,3,2,4]]
3;3;[[0,0,0,0,0],[1,0,0,0,0],[0,1,0,0,0],[0,0,1,0,0],[0,2,2,3,0],[0,0,0,0,1],[0,2,4,4,-1]]
5/2;3;[[0,0,0,0,0],[1,0,0,0,0],[0,1,0,0,0],[0,0,1,0,0],[0,0,0,1,0],[1,1,1,1,3],[-1,-1,1,1,-1]]
5;5;[[0,0,0,0,0],[1,0,0,0,0],[0,1,0,0,0],[0,0,1,0,0],[0,0,1,3,0],[0,0,0,0,1],[0,0,0,-5,1]]
4;4;[[0,0,0,0,0],[1,0,0,0,0],[0,1,0,0,0],[0,0,1,0,0],[0,0,0,1,0],[0,0,0,0,1],[0,-1,0,1,1],[0,0,-2,2,1],[0,-1,-2,3,1]]
7/3;5/2;[[0,0,0,0,0],[1,0,0,0,0],[0,1,0,0,0],[0,0,1,0,0],[0,0,0,1,0],[2,2,2,1,4],[1,1,0,2,2]]
5;5;[[0,0,0,0,0],[1,0,0,0,0],[0,1,0,0,0],[0,1,2,0,0],[0,0,0,1,0],[0,0,0,0,1],[0,0,-3,0,1],[0,0,-3,1,0]]
3;3;[[0,0,0,0,0],[1,0,0,0,0],[0,1,0,0,0],[0,0,1,0,0],[0,0,0,1,0],[0,3,4,4,5],[0,0,2,1,1]]
3;3;[[0,0,0,0,0],[1,0,0,0,0],[0,1,0,0,0],[0,0,1,0,0],[0,0,0,1,0],[0,0,0,0,1],[0,-6,4,4,-1]]
5/2;3;[[0,0,0,0,0],[1,0,0,0,0],[0,1,0,0,0],[0,0,1,0,0],[0,0,0,1,0],[0,5,5,7,8]]
4;4;[[0,0,0,0,0],[1,0,0,0,0],[0,1,0,0,0],[0,0,1,0,0],[0,0,0,1,0],[1,1,0,1,2],[0,1,0,2,2],[0,2,1,2,4]]
4;4;[[0,0,0,0,0],[1,0,0,0,0],[0,1,0,0,0],[0,0,1,0,0],[0,0,0,1,0],[0,0,0,0,1],[0,1,-1,0,1],[0,1,3,-1,-2],[0,1,4,-1,-3]]
3;3;[[0,0,0,0,0],[1,0,0,0,0],[0,1,0,0,0],[0,0,1,0,0],[1,0,1,0,0],[0,0,0,1,0],[0,0,0,0,1],[0,3,-2,-1,-1]]
3;3;[[0,0,0,0,0],[1,0,0,0,0],[0,1,0,0,0],[0,0,1,0,0],[0,0,0,1,0],[0,0,0,0,1],[2,-1,1,1,0],[2,-1,1,2,-1]]
3;3;[[0,0,0,0,0],[1,0,0,0,0],[0,1,0,0,0],[0,0,1,0,0],[0,0,0,1,0],[0,1,1,1,2],[1,0,1,1,1],[1,1,0,1,1]]
3;3;[[0,0,0,0,0],[1,0,0,0,0],[0,1,0,0,0],[0,0,1,0,0],[1,1,1,2,0],[0,0,0,0,1],[0,2,2,2,-1],[0,1,2,2,0]]
2;3;[[0,0,0,0,0],[1,0,0,0,0],[0,1,0,0,0],[0,0,1,0,0],[0,0,0,1,0],[1,1,3,3,4],[1,1,3,4,4]]
8/3;3;[[0,0,0,0,0],[1,0,0,0,0],[0,1,0,0,0],[0,0,1,0,0],[0,0,0,1,0],[1,-1,2,-1,0],[0,0,0,0,1],[0,2,-1,0,-1]]
5;5;[[0,0,0,0,0],[1,0,0,0,0],[0,1,0,0,0],[0,0,1,0,0],[0,0,0,1,0],[1,0,0,0,2],[0,1,0,0,2],[0,0,1,0,2],[0,0,0,1,-2]]
3;3;[[0,0,0,0,0],[1,0,0,0,0],[0,1,0,0,0],[0,0,1,0,0],[1,1,0,2,0],[0,0,0,0,1],[3,3,-3,6,1]]
3;3;[[0,0,0,0,0],[1,0,0,0,0],[0,1,0,0,0],[0,0,1,0,0],[0,0,0,1,0],[0,0,0,0,1],[2,1,-1,-1,0],[2,1,-1,0,-1],[2,2,-1,-1,-1]]
7/2;4;[[0,0,0,0,0],[1,0,0,0,0],[0,1,0,0,0],[0,1,2,0,0],[0,0,0,1,0],[0,0,0,1,4]]
3;3;[[0,0,0,0,0],[1,0,0,0,0],[0,1,0,0,0],[0,0,1,0,0],[0,0,0,1,0],[1,1,1,0,2],[0,0,0,1,-2]]
3/2;3;[[0,0,0,0,0],[1,0,0,0,0],[0,1,0,0,0],[0,0,1,0,0],[0,0,0,2,0],[1,1,3,2,4]]
3;3;[[0,0,0,0,0],[1,0,0,0,0],[0,1,0,0,0],[0,0,1,0,0],[0,0,0,1,0],[0,0,0,0,1],[-1,0,1,1,-1],[0,-1,1,1,0],[-1,-1,1,1,0]]
5/4;2;[[0,0,0,0,0],[1,0,0,0,0],[0,1,0,0,0],[0,0,1,0,0],[0,0,0,1,0],[2,1,5,5,8]]
17/7;3;[[0,0,0,0,0],[1,0,0,0,0],[0,1,0,0,0],[0,0,1,0,0],[0,0,0,1,0],[1,1,0,2,3],[2,0,-1,-1,-1]]
2;2;[[0,0,0,0,0],[1,0,0,0,0],[1,2,0,0,0],[0,0,1,0,0],[0,0,0,1,0],[0,0,0,0,1],[4,1,-1,-1,-1]]
3/2;2;[[0,0,0,0,0],[1,0,0,0,0],[0,1,0,0,0],[0,0,1,0,0],[0,0,0,1,0],[2,2,2,7,8]]
3;3;[[0,0,0,0,0],[1,0,0,0,0],[0,1,0,0,0],[0,0,1,0,0],[-1,1,1,0,0],[0,0,0,1,0],[0,0,0,0,1],[0,2,1,-1,-1],[1,1,1,-1,-1]]
3;3;[[0,0,0,0,0],[1,0,0,0,0],[0,1,0,0,0],[0,0,1,0,0],[0,0,0,1,0],[1,1,1,-1,0],[0,0,0,0,1],[1,1,1,0,-1],[0,1,1,0,0]]
2;2;[[0,0,0,0,0],[1,0,0,0,0],[0,1,0,0,0],[0,0,1,0,0],[0,0,0,1,0],[0,0,0,0,1],[2,-1,-1,0,-1],[2,-1,-1,-1,0]]
4;4;[[0,0,0,0,0],[1,0,0,0,0],[0,1,0,0,0],[0,0,1,0,0],[0,0,0,1,0],[0,0,0,0,1],[0,-2,2,0,1],[0,-1,2,-1,1],[0,-2,1,1,1]]
2;2;[[0,0,0,0,0],[1,0,0,0,0],[0,1,0,0,0],[0,0,1,0,0],[0,0,0,1,0],[0,0,0,0,1],[-3,-2,2,-1,-1]]
4;4;[[0,0,0,0,0],[1,0,0,0,0],[0,1,0,0,0],[1,1,0,0,0],[0,0,1,0,0],[0,0,0,1,0],[0,0,0,0,1],[0,4,-1,1,1]]
3;3;[[0,0,0,0,0],[1,0,0,0,0],[0,1,0,0,0],[1,1,2,0,0],[0,0,0,1,0],[1,2,2,-1,0],[0,0,0,0,1],[0,-2,0,2,1]]
4;4;[[0,0,0,0,0],[1,0,0,0,0],[1,2,0,0,0],[0,0,1,0,0],[0,0,0,1,0],[0,0,0,0,1],[0,-4,1,-1,1]]
4;4;[[0,0,0,0,0],[1,0,0,0,0],[0,1,0,0,0],[0,0,1,0,0],[0,0,0,1,0],[0,0,0,0,1],[1,1,0,0,-1],[2,0,-1,1,-1],[-1,1,1,-1,1]]
3;3;[[0,0,0,0,0],[1,0,0,0,0],[0,1,0,0,0],[0,0,1,0,0],[0,1,1,0,0],[0,0,0,1,0],[0,0,0,0,1],[1,1,3,-2,-1]]
3;3;[[0,0,0,0,0],[1,0,0,0,0],[0,1,0,0,0],[0,1,2,0,0],[0,0,0,1,0],[0,0,0,0,1],[0,2,2,0,-1],[0,2,2,-1,0]]
23/6;4;[[0,0,0,0,0],[1,0,0,0,0],[0,1,0,0,0],[0,0,1,0,0],[0,0,0,1,0],[0,0,0,1,3],[0,0,-1,2,3],[0,0,-1,2,5]]
7/3;3;[[0,0,0,0,0],[1,0,0,0,0],[0,1,0,0,0],[0,0,1,0,0],[0,0,0,1,0],[0,0,0,0,1],[1,1,-5,-1,-1]]
5/2;3;[[0,0,0,0,0],[1,0,0,0,0],[0,1,0,0,0],[0,0,1,0,0],[0,0,0,1,0],[0,3,3,3,8]]
4;4;[[0,0,0,0,0],[1,0,0,0,0],[0,1,0,0,0],[0,0,1,0,0],[0,0,0,1,0],[0,0,0,0,1],[1,0,-1,0,1],[1,0,-1,1,0],[0,-1,0,1,1],[2,-1,-2,1,1]]
3;3;[[0,0,0,0,0],[1,0,0,0,0],[0,1,0,0,0],[0,0,1,0,0],[0,0,0,1,0],[2,-1,1,-1,0],[0,0,0,0,1],[1,2,-1,0,-1]]
5/2;3;[[0,0,0,0,0],[1,0,0,0,0],[0,1,0,0,0],[0,0,1,0,0],[0,0,0,1,0],[0,1,0,0,2],[2,1,-1,-1,-2]]
3;3;[[0,0,0,0,0],[1,0,0,0,0],[0,1,0,0,0],[0,0,1,0,0],[0,0,0,1,0],[1,1,1,-1,0],[0,0,0,0,1],[-1,1,1,0,-1]]
3;3;[[0,0,0,0,0],[1,0,0,0,0],[0,1,0,0,0],[0,0,1,0,0],[0,1,0,2,0],[1,0,0,0,2],[1,1,-1,2,2]]
3;3;[[0,0,0,0,0],[1,0,0,0,0],[0,1,0,0,0],[1,1,0,0,0],[0,0,1,0,0],[0,0,1,2,0],[0,0,0,0,1],[0,0,2,1,-1]]
8/3;3;[[0,0,0,0,0],[1,0,0,0,0],[0,1,0,0,0],[0,0,1,0,0],[0,0,0,1,0],[0,0,0,0,1],[3,2,-2,-1,-1],[3,1,-2,-1,0]]
2;2;[[0,0,0,0,0],[1,0,0,0,0],[0,1,0,0,0],[0,0,1,0,0],[0,0,0,1,0],[3,3,0,3,4],[3,3,-1,4,4]]
14/5;3;[[0,0,0,0,0],[1,0,0,0,0],[0,1,0,0,0],[0,0,1,0,0],[0,0,0,1,0],[2,1,2,2,3],[0,0,1,-2,-1]]
1;2;[[0,0,0,0,0],[1,0,0,0,0],[0,1,0,0,0],[0,0,1,0,0],[0,0,0,1,0],[2,3,3,7,8]]
5/2;5/2;[[0,0,0,0,0],[1,0,0,0,0],[0,1,0,0,0],[0,0,1,0,0],[0,0,0,2,0],[2,2,2,2,4]]
4;4;[[0,0,0,0,0],[1,0,0,0,0],[0,1,0,0,0],[0,1,2,0,0],[0,1,0,2,0],[0,1,0,0,2]]
3;3;[[0,0,0,0,0],[1,0,0,0,0],[0,1,0,0,0],[0,0,1,0,0],[0,0,0,1,0],[0,1,0,1,2],[-2,0,1,1,-2]]
3;3;[[0,0,0,0,0],[1,0,0,0,0],[0,1,0,0,0],[0,0,1,0,0],[0,0,0,1,0],[0,0,0,0,1],[3,-3,-3,-1,2]]
29/15;2;[[0,0,0,0,0],[1,0,0,0,0],[0,1,0,0,0],[0,0,1,0,0],[0,0,0,1,0],[0,0,0,0,1],[1,1,1,-4,-3]]
4;4;[[0,0,0,0,0],[1,0,0,0,0],[0,1,0,0,0],[0,0,1,0,0],[0,0,0,1,0],[1,1,0,1,2],[3,-1,1,0,2]]
7/4;3;[[0,0,0,0,0],[1,0,0,0,0],[0,1,0,0,0],[0,0,1,0,0],[0,0,0,1,0],[2,1,1,5,8]]
3;3;[[0,0,0,0,0],[1,0,0,0,0],[0,1,0,0,0],[0,0,1,0,0],[0,0,0,1,0],[-1,1,2,-1,0],[0,0,0,0,1],[-2,2,2,0,-1]]
3;3;[[0,0,0,0,0],[1,0,0,0,0],[0,1,0,0,0],[0,0,1,0,0],[1,-1,1,0,0],[0,0,0,1,0],[0,0,0,0,1],[1,-1,3,-1,-1],[2,-2,3,-1,-1]]
7/2;4;[[0,0,0,0,0],[1,0,0,0,0],[0,1,0,0,0],[0,0,1,0,0],[0,0,0,1,0],[0,1,1,1,2],[0,-3,1,1,-2]]
2;2;[[0,0,0,0,0],[1,0,0,0,0],[0,1,0,0,0],[0,0,1,0,0],[1,0,1,2,0],[0,0,0,0,1],[2,-2,4,4,-1]]
4;4;[[0,0,0,0,0],[1,0,0,0,0],[0,1,0,0,0],[0,0,1,0,0],[0,0,0,1,0],[0,1,1,-1,0],[0,0,0,0,1],[0,0,1,1,-1],[0,1,2,-1,-1],[0,1,-1,0,1]]
7/3;3;[[0,0,0,0,0],[1,0,0,0,0],[0,1,0,0,0],[0,0,1,0,0],[0,0,0,1,0],[1,1,1,1,2],[-2,-3,-1,1,-4]]
3;3;[[0,0,0,0,0],[1,0,0,0,0],[0,1,0,0,0],[0,0,1,0,0],[0,0,1,2,0],[1,1,0,0,2],[1,1,0,2,2]]
3;3;[[0,0,0,0,0],[1,0,0,0,0],[0,1,0,0,0],[0,0,1,0,0],[-1,1,0,0,0],[0,0,0,1,0],[0,0,0,0,1],[2,2,1,-1,-1]]
3;3;[[0,0,0,0,0],[1,0,0,0,0],[0,1,0,0,0],[0,0,1,0,0],[1,1,0,2,0],[0,0,0,0,1],[2,0,2,4,-1]]
4;4;[[0,0,0,0,0],[1,0,0,0,0],[0,1,0,0,0],[0,0,1,0,0],[0,0,0,1,0],[0,1,1,1,2],[0,-1,1,1,0],[0,-1,1,3,2]]
3;3;[[0,0,0,0,0],[1,0,0,0,0],[0,1,0,0,0],[0,0,1,0,0],[0,0,0,1,0],[0,1,1,-1,0],[1,1,1,0,2],[1,3,1,-2,2]]
17/4;5;[[0,0,0,0,0],[1,0,0,0,0],[0,1,0,0,0],[0,0,1,0,0],[0,0,0,1,0],[0,0,0,1,8]]
7/3;3;[[0,0,0,0,0],[1,0,0,0,0],[0,1,0,0,0],[0,0,1,0,0],[0,0,0,1,0],[2,3,1,3,4],[-1,-1,1,-2,-2]]
5/2;5/2;[[0,0,0,0,0],[1,0,0,0,0],[0,1,0,0,0],[0,0,1,0,0],[0,1,1,2,0],[1,0,1,0,2],[-1,1,1,2,-2]]
3/2;2;[[0,0,0,0,0],[1,0,0,0,0],[0,1,0,0,0],[0,0,1,0,0],[0,0,0,2,0],[1,1,1,2,4]]
10/3;4;[[0,0,0,0,0],[1,0,0,0,0],[0,1,0,0,0],[0,0,1,0,0],[0,0,0,1,0],[0,1,1,1,2],[0,-3,-1,1,-4]]
3;3;[[0,0,0,0,0],[1,0,0,0,0],[0,1,0,0,0],[-1,1,0,0,0],[0,0,1,0,0],[0,0,1,2,0],[0,0,0,0,1],[-1,2,0,0,-1]]
7/2;7/2;[[0,0,0,0,0],[1,0,0,0,0],[0,1,0,0,0],[0,0,1,0,0],[0,1,0,2,0],[0,0,1,0,2],[0,-1,2,-2,2]]
4;4;[[0,0,0,0,0],[1,0,0,0,0],[0,1,0,0,0],[0,0,1,0,0],[1,-1,1,0,0],[0,0,0,1,0],[0,0,0,0,1],[1,-1,2,0,-1],[2,-2,2,1,-2]]
4;4;[[0,0,0,0,0],[1,0,0,0,0],[0,1,0,0,0],[0,0,1,0,0],[0,0,0,1,0],[0,0,0,0,1],[2,1,-2,-1,1],[1,-1,-1,1,1]]
5/2;5/2;[[0,0,0,0,0],[1,0,0,0,0],[0,1,0,0,0],[0,0,2,0,0],[0,0,0,1,0],[2,2,0,3,4]]
2;2;[[0,0,0,0,0],[1,0,0,0,0],[0,1,0,0,0],[0,0,1,0,0],[0,0,0,1,0],[3,3,3,3,4],[3,3,3,4,4]]
3;3;[[0,0,0,0,0],[1,0,0,0,0],[0,1,0,0,0],[0,0,1,0,0],[0,0,0,1,0],[0,1,1,1,0],[0,0,0,0,1],[1,-1,-1,1,-1]]
4;4;[[0,0,0,0,0],[1,0,0,0,0],[0,1,0,0,0],[0,0,1,0,0],[1,0,1,0,0],[0,1,1,0,0],[0,0,0,1,0],[0,0,1,1,0],[0,0,0,0,1],[0,0,1,2,-1]]
4;4;[[0,0,0,0,0],[1,0,0,0,0],[0,1,0,0,0],[0,0,1,0,0],[0,0,0,1,0],[0,-2,1,2,0],[0,0,0,0,1],[0,3,1,-2,-1]]
4;4;[[0,0,0,0,0],[1,0,0,0,0],[0,1,0,0,0],[0,0,1,0,0],[0,0,0,1,0],[0,0,0,0,1],[0,1,-1,0,1],[-1,0,1,1,0],[1,1,1,-1,-1]]
4;4;[[0,0,0,0,0],[1,0,0,0,0],[0,1,0,0,0],[0,0,1,0,0],[0,0,0,1,0],[0,0,0,0,1],[0,0,-1,1,1],[0,-3,2,1,1]]
4;4;[[0,0,0,0,0],[1,0,0,0,0],[0,1,0,0,0],[0,0,1,0,0],[0,0,0,1,0],[0,0,0,0,1],[-1,-1,1,0,1],[-1,-1,0,1,1],[-1,0,1,0,1],[-1,0,0,1,1]]
2;2;[[0,0,0,0,0],[1,0,0,0,0],[1,2,0,0,0],[0,0,1,0,0],[0,0,0,1,0],[0,0,0,0,1],[3,3,-1,-1,-1]]
7/2;7/2;[[0,0,0,0,0],[1,0,0,0,0],[0,1,0,0,0],[0,0,1,0,0],[1,1,1,2,0],[0,1,0,0,2],[1,2,0,2,2]]
9/5;2;[[0,0,0,0,0],[1,0,0,0,0],[0,1,0,0,0],[1,1,2,0,0],[0,0,0,1,0],[0,0,0,0,1],[1,1,1,-2,-1]]
3;3;[[0,0,0,0,0],[1,0,0,0,0],[0,1,0,0,0],[0,0,1,0,0],[0,0,0,1,0],[0,1,1,1,2],[-1,1,1,2,2],[-1,1,1,0,0]]
4;4;[[0,0,0,0,0],[1,0,0,0,0],[0,1,0,0,0],[0,0,1,0,0],[0,0,0,1,0],[0,2,-2,1,0],[0,0,0,0,1],[0,3,-2,1,-1],[0,3,-3,2,-1]]
5/2;3;[[0,0,0,0,0],[1,0,0,0,0],[0,1,0,0,0],[0,0,1,0,0],[1,1,1,2,0],[0,0,0,0,1],[0,1,-2,-2,-1]]
8/3;3;[[0,0,0,0,0],[1,0,0,0,0],[0,1,0,0,0],[0,0,1,0,0],[0,0,0,1,0],[1,1,1,0,2],[2,1,0,-1,1],[1,0,-1,0,-1]]
4;4;[[0,0,0,0,0],[1,0,0,0,0],[0,1,0,0,0],[0,0,1,0,0],[-1,1,1,0,0],[0,0,0,1,0],[0,0,0,1,2],[1,0,-1,1,0],[1,0,-1,1,2]]
3;3;[[0,0,0,0,0],[1,0,0,0,0],[0,1,0,0,0],[0,0,1,0,0],[0,0,0,1,0],[2,1,2,2,3],[-2,1,0,0,-1]]
3;3;[[0,0,0,0,0],[1,0,0,0,0],[0,1,0,0,0],[0,0,1,0,0],[1,1,1,2,0],[0,0,0,0,1],[-1,0,2,-2,-2]]
2;2;[[0,0,0,0,0],[1,0,0,0,0],[1,2,0,0,0],[0,0,1,0,0],[0,0,0,1,0],[0,0,0,0,1],[2,1,-1,-1,-1]]
4;4;[[0,0,0,0,0],[1,0,0,0,0],[0,1,0,0,0],[0,0,1,0,0],[0,0,0,1,0],[0,0,0,0,1],[0,-2,2,3,-2],[0,-3,3,3,-2]]
5/2;3;[[0,0,0,0,0],[1,0,0,0,0],[0,1,0,0,0],[0,0,1,0,0],[0,0,0,1,0],[1,1,0,1,2],[-1,-1,-2,1,-2]]
8/3;3;[[0,0,0,0,0],[1,0,0,0,0],[0,1,0,0,0],[0,0,1,0,0],[0,0,0,1,0],[0,0,0,0,1],[-6,2,2,4,-1]]
7/2;4;[[0,0,0,0,0],[1,0,0,0,0],[0,1,0,0,0],[0,0,1,0,0],[-1,1,1,0,0],[0,0,0,1,0],[0,0,0,1,4]]
2;3;[[0,0,0,0,0],[1,0,0,0,0],[0,1,0,0,0],[0,0,1,0,0],[0,0,0,1,0],[2,6,6,3,8]]
5/2;3;[[0,0,0,0,0],[1,0,0,0,0],[0,1,0,0,0],[0,0,1,0,0],[0,0,0,1,0],[2,2,0,1,4],[2,2,-1,2,4]]
5/2;3;[[0,0,0,0,0],[1,0,0,0,0],[0,1,0,0,0],[1,1,2,0,0],[0,0,0,1,0],[0,0,0,1,4]]
3;3;[[0,0,0,0,0],[1,0,0,0,0],[0,1,0,0,0],[0,0,1,0,0],[0,0,1,2,0],[2,2,1,2,4]]
7/2;7/2;[[0,0,0,0,0],[1,0,0,0,0],[0,1,0,0,0],[0,1,2,0,0],[0,1,0,2,0],[0,0,0,0,1],[0,2,1,3,-1]]
3;3;[[0,0,0,0,0],[1,0,0,0,0],[0,1,0,0,0],[0,0,1,0,0],[-1,1,1,0,0],[0,0,0,1,0],[0,0,0,0,1],[4,-2,1,-1,-1]]
5/4;2;[[0,0,0,0,0],[1,0,0,0,0],[0,1,0,0,0],[0,0,1,0,0],[0,0,0,1,0],[2,2,2,5,8]]
17/7;3;[[0,0,0,0,0],[1,0,0,0,0],[0,1,0,0,0],[0,0,1,0,0],[0,0,0,1,0],[1,1,1,1,3],[2,0,-1,-1,-1]]
5;5;[[0,0,0,0,0],[1,0,0,0,0],[0,1,0,0,0],[0,0,1,0,0],[0,0,0,1,0],[0,0,0,0,1],[0,0,7,-7,1]]
2;3;[[0,0,0,0,0],[1,0,0,0,0],[0,1,0,0,0],[0,0,1,0,0],[0,0,0,1,0],[1,1,2,1,4],[1,1,1,2,4]]
3;3;[[0,0,0,0,0],[1,0,0,0,0],[0,1,0,0,0],[0,0,1,0,0],[0,0,0,1,0],[0,2,2,0,3],[0,2,3,-1,3],[0,3,3,-1,4]]
3;3;[[0,0,0,0,0],[1,0,0,0,0],[0,1,0,0,0],[0,0,1,0,0],[0,0,0,1,0],[0,0,0,0,1],[2,1,1,1,-2],[-1,0,0,1,0]]
3;3;[[0,0,0,0,0],[1,0,0,0,0],[0,1,0,0,0],[0,0,1,0,0],[0,0,0,1,0],[2,1,1,1,4],[-1,-1,0,1,-2]]
3;3;[[0,0,0,0,0],[1,0,0,0,0],[0,1,0,0,0],[0,0,1,0,0],[0,0,0,1,0],[0,1,-1,-1,0],[0,0,0,0,1],[2,1,-1,0,-1]]
3;3;[[0,0,0,0,0],[1,0,0,0,0],[0,1,0,0,0],[0,0,1,0,0],[1,1,1,2,0],[0,0,0,0,1],[0,2,4,4,-1]]
2;2;[[0,0,0,0,0],[1,0,0,0,0],[0,1,0,0,0],[1,1,2,0,0],[0,0,0,1,0],[0,0,0,0,1],[3,4,6,-2,-1]]
8/3;3;[[0,0,0,0,0],[1,0,0,0,0],[0,1,0,0,0],[0,0,1,0,0],[0,0,0,1,0],[0,0,0,0,1],[3,1,-2,-1,-1],[3,1,-2,-1,0]]
5/2;3;[[0,0,0,0,0],[1,0,0,0,0],[0,1,0,0,0],[0,0,1,0,0],[1,1,1,2,0],[0,1,1,1,2],[1,2,1,3,2]]
2;2;[[0,0,0,0,0],[1,0,0,0,0],[0,1,0,0,0],[0,0,1,0,0],[0,0,1,2,0],[2,3,2,2,4]]
4;4;[[0,0,0,0,0],[1,0,0,0,0],[0,1,0,0,0],[0,0,1,0,0],[1,-1,1,0,0],[0,0,0,1,0],[0,0,0,0,1],[1,-1,2,0,-1],[0,-2,2,1,0]]
15/4;4;[[0,0,0,0,0],[1,0,0,0,0],[0,1,0,0,0],[0,0,1,0,0],[0,0,0,1,0],[0,0,4,5,8]]
4;4;[[0,0,0,0,0],[1,0,0,0,0],[0,1,0,0,0],[1,1,0,0,0],[0,0,1,0,0],[0,0,0,1,0],[0,0,1,0,2],[0,0,0,1,2]]
3;3;[[0,0,0,0,0],[1,0,0,0,0],[0,1,0,0,0],[0,0,1,0,0],[0,0,0,1,0],[0,1,1,-1,0],[0,0,0,0,1],[2,-2,2,0,-1]]
2;5/2;[[0,0,0,0,0],[1,0,0,0,0],[0,1,0,0,0],[0,0,1,0,0],[0,0,0,2,0],[2,1,1,2,4]]
4;4;[[0,0,0,0,0],[1,0,0,0,0],[0,1,0,0,0],[0,0,1,0,0],[0,0,0,1,0],[0,1,1,1,2],[0,-2,1,4,2]]
2;2;[[0,0,0,0,0],[1,0,0,0,0],[0,1,0,0,0],[-1,1,0,0,0],[0,0,1,0,0],[0,0,0,1,0],[0,0,0,0,1],[-3,4,-1,-1,-1]]
3;3;[[0,0,0,0,0],[1,0,0,0,0],[1,2,0,0,0],[0,0,1,0,0],[0,0,0,1,0],[0,0,0,1,2],[0,0,-1,2,2]]
3/4;2;[[0,0,0,0,0],[1,0,0,0,0],[0,1,0,0,0],[0,0,1,0,0],[0,0,0,1,0],[1,1,1,1,8]]
3/2;3;[[0,0,0,0,0],[1,0,0,0,0],[0,1,0,0,0],[0,0,1,0,0],[0,0,0,1,0],[4,1,1,7,8]]
7/2;7/2;[[0,0,0,0,0],[1,0,0,0,0],[0,1,0,0,0],[0,0,1,0,0],[0,0,1,2,0],[0,2,3,2,4]]
2;2;[[0,0,0,0,0],[1,0,0,0,0],[1,2,0,0,0],[0,0,1,0,0],[0,0,0,1,0],[0,0,0,0,1],[1,2,-1,-1,-1]]
7/2;7/2;[[0,0,0,0,0],[1,0,0,0,0],[0,1,0,0,0],[0,1,2,0,0],[0,1,0,2,0],[1,0,0,0,2]]
4;4;[[0,0,0,0,0],[1,0,0,0,0],[0,1,0,0,0],[0,1,2,0,0],[0,0,0,1,0],[0,0,0,0,1],[1,0,2,1,-1],[0,0,-1,1,0]]
2;2;[[0,0,0,0,0],[1,0,0,0,0],[0,1,0,0,0],[0,0,1,0,0],[0,0,0,1,0],[1,-1,-1,-1,0],[0,0,0,0,1],[2,-1,-1,-1,-1]]
4;4;[[0,0,0,0,0],[1,0,0,0,0],[0,1,0,0,0],[0,1,2,0,0],[0,0,0,1,0],[0,0,-2,1,0],[0,0,0,0,1],[0,0,-3,2,-1]]
8/3;3;[[0,0,0,0,0],[1,0,0,0,0],[0,1,0,0,0],[0,0,1,0,0],[0,0,0,1,0],[0,0,0,0,1],[3,3,2,-2,-2]]
3;3;[[0,0,0,0,0],[1,0,0,0,0],[0,1,0,0,0],[0,0,1,0,0],[0,0,0,1,0],[1,1,1,1,2],[1,1,1,4,2]]
3;3;[[0,0,0,0,0],[1,0,0,0,0],[0,1,0,0,0],[0,0,1,0,0],[1,1,1,2,0],[0,1,2,2,0],[0,0,0,0,1],[0,2,3,3,-1]]
23/6;4;[[0,0,0,0,0],[1,0,0,0,0],[0,1,0,0,0],[0,0,1,0,0],[0,0,0,1,0],[0,0,0,1,3],[0,0,-1,2,4],[0,0,-1,2,2]]
1;3;[[0,0,0,0,0],[1,0,0,0,0],[0,1,0,0,0],[0,0,1,0,0],[0,0,0,1,0],[2,1,3,5,8]]
7/2;4;[[0,0,0,0,0],[1,0,0,0,0],[0,1,0,0,0],[0,0,1,0,0],[0,0,0,1,0],[0,1,1,3,4],[0,0,1,4,4]]
3;3;[[0,0,0,0,0],[1,0,0,0,0],[0,1,0,0,0],[0,0,1,0,0],[0,0,0,1,0],[1,1,0,1,2],[1,1,-3,4,2]]
3;3;[[0,0,0,0,0],[1,0,0,0,0],[0,1,0,0,0],[0,0,1,0,0],[0,0,0,1,0],[0,0,0,0,1],[2,2,-1,-1,-1],[4,2,-2,-2,-1]]
3;3;[[0,0,0,0,0],[1,0,0,0,0],[0,1,0,0,0],[0,0,1,0,0],[-1,1,1,0,0],[0,0,0,1,0],[-1,1,2,-1,0],[0,0,0,0,1],[-2,2,3,-1,-1]]
7/2;4;[[0,0,0,0,0],[1,0,0,0,0],[0,1,0,0,0],[0,0,1,0,0],[0,0,0,1,0],[0,3,1,1,4],[0,2,1,2,4]]
4;4;[[0,0,0,0,0],[1,0,0,0,0],[0,1,0,0,0],[0,0,1,0,0],[0,0,0,1,0],[0,0,0,0,1],[-2,1,-1,2,1],[-2,0,0,2,1],[0,1,-1,0,1]]
4;4;[[0,0,0,0,0],[1,0,0,0,0],[0,1,0,0,0],[0,0,1,0,0],[0,0,0,1,0],[0,0,0,0,1],[0,-2,2,-1,2],[0,-4,4,-1,2]]
3/2;2;[[0,0,0,0,0],[1,0,0,0,0],[0,1,0,0,0],[0,0,1,0,0],[0,0,0,1,0],[6,6,6,3,8]]
3;3;[[0,0,0,0,0],[1,0,0,0,0],[0,1,0,0,0],[0,0,1,0,0],[1,-1,1,0,0],[0,0,0,1,0],[1,-1,2,-1,0],[0,0,0,0,1],[1,-1,2,0,-1]]
2;2;[[0,0,0,0,0],[1,0,0,0,0],[0,1,0,0,0],[0,0,1,0,0],[3,3,3,4,0],[0,0,0,0,1],[2,1,1,1,-1]]
3;3;[[0,0,0,0,0],[1,0,0,0,0],[0,1,0,0,0],[0,0,1,0,0],[-1,1,1,0,0],[0,0,0,1,0],[-1,1,2,-1,0],[0,0,0,0,1],[1,1,0,0,-1]]
3;3;[[0,0,0,0,0],[1,0,0,0,0],[0,1,0,0,0],[0,1,2,0,0],[0,0,0,1,0],[2,0,0,3,4]]
4;4;[[0,0,0,0,0],[1,0,0,0,0],[1,2,0,0,0],[0,0,1,0,0],[0,0,1,2,0],[0,0,0,0,1],[0,0,0,2,1]]
5;5;[[0,0,0,0,0],[1,0,0,0,0],[0,1,0,0,0],[0,0,1,0,0],[0,0,0,1,0],[0,0,1,0,4],[0,0,0,1,-4]]
2;3;[[0,0,0,0,0],[1,0,0,0,0],[0,1,0,0,0],[0,0,1,0,0],[0,0,0,1,0],[1,3,0,1,4],[1,3,-1,2,4]]
5/3;2;[[0,0,0,0,0],[1,0,0,0,0],[0,1,0,0,0],[0,0,1,0,0],[0,0,0,1,0],[0,0,0,0,1],[2,-4,-1,-1,-1]]
3;3;[[0,0,0,0,0],[1,0,0,0,0],[0,1,0,0,0],[0,1,2,0,0],[0,0,0,1,0],[0,0,0,0,1],[0,2,1,0,-1],[0,2,1,-1,0]]
3;3;[[0,0,0,0,0],[1,0,0,0,0],[0,1,0,0,0],[0,0,1,0,0],[0,0,1,2,0],[0,3,2,2,4]]
4;4;[[0,0,0,0,0],[1,0,0,0,0],[0,1,0,0,0],[0,0,1,0,0],[0,0,0,1,0],[0,1,1,1,2],[0,0,1,1,1],[0,2,0,1,2],[0,2,-1,1,1],[0,1,-1,1,0]]
3;3;[[0,0,0,0,0],[1,0,0,0,0],[0,1,0,0,0],[0,0,1,0,0],[0,0,0,1,0],[0,1,-1,1,0],[1,1,0,1,2],[-1,0,-1,1,-2]]
3;3;[[0,0,0,0,0],[1,0,0,0,0],[0,1,0,0,0],[0,0,1,0,0],[-1,1,1,0,0],[0,0,0,1,0],[2,0,2,3,4]]
3;3;[[0,0,0,0,0],[1,0,0,0,0],[0,1,0,0,0],[0,0,1,0,0],[0,0,0,1,0],[0,0,0,0,1],[-6,3,3,2,-1]]
7/3;5/2;[[0,0,0,0,0],[1,0,0,0,0],[0,1,0,0,0],[0,0,1,0,0],[1,0,1,2,0],[0,0,0,0,1],[2,1,-2,-2,-1]]
4;4;[[0,0,0,0,0],[1,0,0,0,0],[0,1,0,0,0],[0,0,1,0,0],[0,0,0,1,0],[0,0,0,0,1],[0,0,-1,1,1],[0,-1,1,0,1],[0,-1,1,1,0],[0,-2,1,1,1]]
3;3;[[0,0,0,0,0],[1,0,0,0,0],[0,1,0,0,0],[0,0,1,0,0],[1,1,1,2,0],[0,1,2,2,0],[0,0,0,0,1],[1,2,3,4,-1]]
2;2;[[0,0,0,0,0],[1,0,0,0,0],[1,2,0,0,0],[0,0,1,0,0],[0,0,0,1,0],[0,0,0,0,1],[4,4,-1,-1,-1]]
13/4;4;[[0,0,0,0,0],[1,0,0,0,0],[0,1,0,0,0],[0,0,1,0,0],[0,0,0,1,0],[0,4,4,1,8]]
2;2;[[0,0,0,0,0],[1,0,0,0,0],[0,1,0,0,0],[0,0,1,0,0],[0,0,0,1,0],[0,0,0,0,1],[2,1,-3,-3,-1]]
3;3;[[0,0,0,0,0],[1,0,0,0,0],[0,1,0,0,0],[0,0,1,0,0],[0,0,0,1,0],[1,1,1,1,2],[0,1,2,2,2],[1,1,1,2,2]]
4;4;[[0,0,0,0,0],[1,0,0,0,0],[0,1,0,0,0],[0,0,1,0,0],[0,0,0,1,0],[0,1,1,1,2],[0,1,1,2,3],[0,0,1,-2,-2]]
5/2;5/2;[[0,0,0,0,0],[1,0,0,0,0],[0,1,0,0,0],[1,1,2,0,0],[0,0,0,1,0],[0,0,0,3,4]]
4;4;[[0,0,0,0,0],[1,0,0,0,0],[0,1,0,0,0],[0,0,1,0,0],[0,0,0,1,0],[0,-1,1,1,0],[0,0,0,0,1],[-3,0,0,0,1]]
3;3;[[0,0,0,0,0],[1,0,0,0,0],[0,1,0,0,0],[0,0,1,0,0],[0,0,0,1,0],[0,1,1,0,2],[-1,2,0,1,2],[-1,1,1,1,2]]
4;4;[[0,0,0,0,0],[1,0,0,0,0],[0,1,0,0,0],[0,0,1,0,0],[0,0,0,1,0],[0,1,2,1,3],[0,1,2,2,4],[0,0,1,2,2]]
4;4;[[0,0,0,0,0],[1,0,0,0,0],[0,1,0,0,0],[0,0,1,0,0],[0,0,0,1,0],[-1,1,0,1,0],[-1,1,1,0,0],[0,0,0,0,1],[2,-2,1,1,-1]]
3;3;[[0,0,0,0,0],[1,0,0,0,0],[0,1,0,0,0],[0,0,1,0,0],[1,1,1,4,0],[0,0,0,0,1],[1,1,0,4,1]]
5/4;3;[[0,0,0,0,0],[1,0,0,0,0],[0,1,0,0,0],[0,0,1,0,0],[0,0,0,1,0],[2,2,6,1,8]]
4;4;[[0,0,0,0,0],[1,0,0,0,0],[0,1,0,0,0],[0,0,1,0,0],[0,0,0,1,0],[0,0,0,0,1],[-1,-2,2,1,1],[-1,1,-1,1,1]]
3;3;[[0,0,0,0,0],[1,0,0,0,0],[0,1,0,0,0],[0,1,2,0,0],[0,0,0,1,0],[0,2,2,-1,0],[0,0,0,0,1],[0,3,3,-1,-1]]
3;3;[[0,0,0,0,0],[1,0,0,0,0],[0,1,0,0,0],[0,0,1,0,0],[1,0,1,2,0],[1,1,0,2,0],[0,0,0,0,1],[2,1,1,4,-1]]
32/15;3;[[0,0,0,0,0],[1,0,0,0,0],[0,1,0,0,0],[0,0,1,0,0],[0,0,0,1,0],[1,3,2,3,4],[1,0,-1,-1,-1]]
5/2;3;[[0,0,0,0,0],[1,0,0,0,0],[0,1,0,0,0],[0,0,1,0,0],[1,1,1,2,0],[0,1,0,1,2],[1,2,0,3,2]]
7/3;3;[[0,0,0,0,0],[1,0,0,0,0],[0,1,0,0,0],[0,0,1,0,0],[0,0,0,1,0],[2,1,1,3,4],[-1,0,1,-2,-2]]
3;3;[[0,0,0,0,0],[1,0,0,0,0],[0,1,0,0,0],[0,0,1,0,0],[0,0,0,1,0],[1,-1,1,1,0],[0,0,0,0,1],[1,2,-1,-1,-1]]
3;3;[[0,0,0,0,0],[1,0,0,0,0],[0,1,0,0,0],[0,0,1,0,0],[0,1,1,2,0],[1,0,0,0,2],[1,1,0,2,2]]
5;5;[[0,0,0,0,0],[1,0,0,0,0],[0,1,0,0,0],[0,0,1,0,0],[-1,1,1,0,0],[0,0,0,1,0],[2,0,-2,1,0],[0,0,0,0,1],[4,0,-4,0,1]]
3;3;[[0,0,0,0,0],[1,0,0,0,0],[0,1,0,0,0],[0,0,1,0,0],[-1,1,1,0,0],[0,0,0,1,0],[0,0,0,0,1],[1,2,1,-2,-1]]
3;3;[[0,0,0,0,0],[1,0,0,0,0],[0,1,0,0,0],[0,1,2,0,0],[0,0,0,1,0],[0,0,0,0,1],[0,2,3,0,-1],[0,2,1,-1,0]]
3;3;[[0,0,0,0,0],[1,0,0,0,0],[0,1,0,0,0],[0,1,2,0,0],[0,0,0,1,0],[0,0,0,0,1],[0,4,6,-2,-1]]
4;4;[[0,0,0,0,0],[1,0,0,0,0],[0,1,0,0,0],[0,0,1,0,0],[1,-1,1,0,0],[0,0,0,1,0],[0,0,0,1,2],[0,-1,1,1,1],[0,1,-1,1,2]]
3;3;[[0,0,0,0,0],[1,0,0,0,0],[0,1,0,0,0],[0,0,1,0,0],[0,0,0,1,0],[0,0,0,0,1],[6,-3,-4,1,1]]
5;5;[[0,0,0,0,0],[1,0,0,0,0],[0,1,0,0,0],[0,0,1,0,0],[0,0,0,1,0],[1,0,0,1,0],[0,1,0,1,0],[0,0,1,1,0],[0,0,0,0,1],[0,0,0,4,1]]
2;2;[[0,0,0,0,0],[1,0,0,0,0],[1,2,0,0,0],[0,0,1,0,0],[0,0,0,1,0],[0,0,0,0,1],[3,2,-1,-1,-1]]
4;4;[[0,0,0,0,0],[1,0,0,0,0],[0,1,0,0,0],[0,0,1,0,0],[0,0,0,1,0],[0,0,0,0,1],[0,-1,0,1,1],[1,0,-1,0,1],[-2,-1,2,1,1]]
4;4;[[0,0,0,0,0],[1,0,0,0,0],[0,1,0,0,0],[0,0,1,0,0],[0,0,0,1,0],[-1,-1,1,1,0],[-1,0,1,1,0],[0,0,0,0,1],[0,2,0,0,1]]
8/3;3;[[0,0,0,0,0],[1,0,0,0,0],[0,1,0,0,0],[0,0,1,0,0],[0,0,0,1,0],[1,1,1,1,2],[1,0,0,0,1],[0,-1,-1,0,-1]]
3;3;[[0,0,0,0,0],[1,0,0,0,0],[0,1,0,0,0],[0,0,1,0,0],[0,0,0,1,0],[0,1,1,0,0],[1,1,1,-1,0],[0,0,0,0,1],[2,1,1,-1,-1]]
4;4;[[0,0,0,0,0],[1,0,0,0,0],[0,1,0,0,0],[0,0,1,0,0],[0,0,0,1,0],[0,0,0,0,1],[-1,-2,2,1,1],[-1,0,1,0,1],[-2,-2,2,1,2]]
2;2;[[0,0,0,0,0],[1,0,0,0,0],[0,1,0,0,0],[0,0,1,0,0],[1,0,1,2,0],[3,3,2,2,4]]
7/4;3;[[0,0,0,0,0],[1,0,0,0,0],[0,1,0,0,0],[0,0,1,0,0],[0,0,0,1,0],[2,1,3,3,8]]
3/2;5/2;[[0,0,0,0,0],[1,0,0,0,0],[0,1,0,0,0],[0,0,1,0,0],[0,0,0,1,0],[1,3,2,1,4],[1,3,1,2,4]]
3;3;[[0,0,0,0,0],[1,0,0,0,0],[0,1,0,0,0],[0,0,1,0,0],[0,0,0,1,0],[0,0,0,0,1],[-1,-1,-1,1,1],[-1,-2,-2,1,1]]
1;2;[[0,0,0,0,0],[1,0,0,0,0],[0,1,0,0,0],[0,0,1,0,0],[0,0,0,1,0],[2,7,7,7,8]]
3;3;[[0,0,0,0,0],[1,0,0,0,0],[0,1,0,0,0],[0,0,1,0,0],[-1,1,1,0,0],[0,0,0,1,0],[2,2,2,3,4]]
5/2;3;[[0,0,0,0,0],[1,0,0,0,0],[0,1,0,0,0],[0,0,1,0,0],[0,0,0,1,0],[4,4,2,7,8]]
8/3;3;[[0,0,0,0,0],[1,0,0,0,0],[0,1,0,0,0],[0,0,1,0,0],[1,1,1,2,0],[0,0,0,0,1],[1,0,-1,-1,-1],[1,0,-1,-1,0]]
5/2;5/2;[[0,0,0,0,0],[1,0,0,0,0],[0,1,0,0,0],[1,1,2,0,0],[1,1,0,2,0],[0,0,0,0,1],[2,2,3,1,-1]]
4;4;[[0,0,0,0,0],[1,0,0,0,0],[0,1,0,0,0],[0,0,1,0,0],[-1,1,1,0,0],[0,0,0,1,0],[-2,0,2,1,0],[0,0,0,0,1],[-2,0,2,2,-1]]
4;4;[[0,0,0,0,0],[1,0,0,0,0],[0,1,0,0,0],[0,0,1,0,0],[0,0,0,1,0],[0,0,0,0,1],[0,-1,1,0,1],[0,-1,0,1,1],[-1,0,0,1,1],[1,0,1,-1,0]]
4;4;[[0,0,0,0,0],[1,0,0,0,0],[0,1,0,0,0],[0,0,1,0,0],[0,0,0,1,0],[-2,-1,1,1,0],[0,0,0,0,1],[-2,0,0,0,1]]
2;2;[[0,0,0,0,0],[1,0,0,0,0],[0,1,0,0,0],[0,0,1,0,0],[0,0,0,1,0],[2,3,3,3,4],[1,1,1,3,2]]
7/2;7/2;[[0,0,0,0,0],[1,0,0,0,0],[0,1,0,0,0],[0,0,1,0,0],[0,0,0,1,0],[1,1,0,1,2],[-1,-3,2,1,-2]]
3;3;[[0,0,0,0,0],[1,0,0,0,0],[0,1,0,0,0],[1,1,0,0,0],[0,0,1,0,0],[0,0,0,1,0],[0,0,2,3,4]]
2;3;[[0,0,0,0,0],[1,0,0,0,0],[0,1,0,0,0],[0,0,1,0,0],[0,0,0,1,0],[1,1,0,1,2],[1,1,-1,-2,-2]]
4;4;[[0,0,0,0,0],[1,0,0,0,0],[0,1,0,0,0],[0,1,2,0,0],[0,0,0,1,0],[0,2,2,-1,0],[0,0,0,0,1],[0,-2,0,2,1]]
11/3;4;[[0,0,0,0,0],[1,0,0,0,0],[0,1,0,0,0],[0,0,1,0,0],[0,0,0,1,0],[0,0,1,0,2],[0,1,2,-2,-2]]
4;4;[[0,0,0,0,0],[1,0,0,0,0],[0,1,0,0,0],[0,1,2,0,0],[0,0,0,1,0],[0,0,0,0,1],[0,0,2,1,0],[0,0,2,2,-1]]
3/2;2;[[0,0,0,0,0],[1,0,0,0,0],[0,1,0,0,0],[0,0,1,0,0],[0,0,0,1,0],[1,3,3,3,4],[1,3,3,4,4]]
4;4;[[0,0,0,0,0],[1,0,0,0,0],[0,1,0,0,0],[0,0,1,0,0],[0,0,0,1,0],[0,0,0,0,1],[2,1,-2,-1,1],[1,0,-1,0,1],[2,2,-2,-2,1]]
2;2;[[0,0,0,0,0],[1,0,0,0,0],[0,1,0,0,0],[0,0,1,0,0],[0,0,0,1,0],[4,7,7,7,8]]
4;4;[[0,0,0,0,0],[1,0,0,0,0],[0,1,0,0,0],[0,0,1,0,0],[0,0,0,1,0],[0,0,1,0,2],[0,-1,1,1,1],[0,2,0,-1,2]]
3;3;[[0,0,0,0,0],[1,0,0,0,0],[0,1,0,0,0],[0,0,1,0,0],[1,1,1,2,0],[0,0,0,1,2],[1,1,0,3,2]]
