Classical Q-codegree ; Fine Q-codegree ; Vertices of Polytope 
7/20;1/2;[[0,0],[2,0],[5,6],[-2,-5],[5,5],[0,-3]]
1/3;1/2;[[0,0],[1,0],[1,3],[4,7],[4,10],[6,12]]
7/15;2/3;[[0,0],[2,0],[1,3],[0,-5],[2,-3],[-1,-4]]
3/7;2/3;[[0,0],[1,0],[1,7],[3,9],[3,6]]
2;2;[[0,0],[5,0],[0,1],[-22,1]]
1;1;[[0,0],[1,0],[8,9],[5,4],[13,14]]
3/7;2/3;[[0,0],[1,0],[1,7],[3,11],[3,8]]
3/10;1/2;[[0,0],[1,0],[2,9],[2,3],[4,13]]
1/3;1/2;[[0,0],[1,0],[2,9],[2,3],[4,15]]
2/7;1/2;[[0,0],[1,0],[2,9],[2,3],[4,11]]
1/2;1/2;[[0,0],[1,0],[4,8],[0,-1],[3,8],[3,3],[4,5]]
1/3;1/2;[[0,0],[2,0],[3,7],[1,-3],[4,8],[4,9]]
2/3;2/3;[[0,0],[2,0],[0,1],[1,-5],[3,-4],[2,-6],[3,-1]]
3/7;1/2;[[0,0],[1,0],[6,21],[7,24]]
2/5;3/7;[[0,0],[1,0],[8,11],[2,1],[5,5],[11,15]]
1/2;2/3;[[0,0],[1,0],[1,4],[2,1],[3,3],[3,10]]
1;1;[[0,0],[12,0],[0,1],[4,-1],[-1,1],[2,-1]]
7/22;1/2;[[0,0],[1,0],[12,16],[14,19],[-4,-7]]
1/2;1/2;[[0,0],[1,0],[2,3],[1,4],[-2,1],[-1,4],[-3,2]]
23/57;2/3;[[0,0],[3,0],[0,1],[2,-6],[1,-6]]
3/7;1/2;[[0,0],[1,0],[2,3],[-2,1],[0,5],[-2,3]]
4/9;1/2;[[0,0],[1,0],[0,1],[-7,3],[-10,5],[-9,5],[-9,4],[-3,3]]
2/3;2/3;[[0,0],[1,0],[1,3],[4,10],[-3,-11],[5,12]]
2/5;1/2;[[0,0],[1,0],[3,8],[5,10],[6,13],[6,14]]
5/18;1/2;[[0,0],[1,0],[4,9],[6,12],[3,3]]
1;1;[[0,0],[5,0],[0,1],[-8,1],[-13,2],[-7,2]]
6/17;1/2;[[0,0],[2,0],[5,6],[-2,-5],[-1,-4],[4,3],[5,5]]
13/56;2/3;[[0,0],[1,0],[8,9],[8,8],[-9,-11]]
1/2;1/2;[[0,0],[1,0],[0,1],[4,-7],[3,-7],[4,-5],[1,-4],[2,-6]]
1/3;1/2;[[0,0],[1,0],[5,6],[3,5],[6,6],[4,2]]
17/39;2/3;[[0,0],[1,0],[3,13],[3,6]]
1/3;1/2;[[0,0],[1,0],[3,9],[1,5],[2,9],[-1,-6],[-1,-7]]
7/15;2/3;[[0,0],[2,0],[1,2],[-6,1],[-2,3]]
1;1;[[0,0],[12,0],[0,1],[6,-1],[-1,1],[4,-1]]
5/12;2/3;[[0,0],[1,0],[4,11],[-4,-15],[3,7]]
1/2;1/2;[[0,0],[1,0],[5,11],[4,11],[3,5],[-1,-3]]
2/5;1/2;[[0,0],[5,0],[0,1],[4,2],[5,1],[4,-1],[1,-2]]
4/9;1/2;[[0,0],[3,0],[0,2],[-5,4],[-5,2],[-2,3]]
14/33;2/3;[[0,0],[1,0],[6,11],[8,13],[4,5]]
3/7;2/3;[[0,0],[1,0],[6,7],[7,7],[3,5],[1,3]]
14/57;1/2;[[0,0],[1,0],[2,6],[3,14],[-1,-11]]
7/16;2/3;[[0,0],[1,0],[2,11],[2,5],[3,12],[3,16]]
4/9;1/2;[[0,0],[1,0],[3,5],[6,7],[5,7],[3,1]]
1/2;1/2;[[0,0],[4,0],[0,2],[4,1],[3,3],[3,-2]]
1/2;1/2;[[0,0],[1,0],[6,8],[10,13],[13,16]]
7/15;2/3;[[0,0],[1,0],[3,9],[1,5],[3,5],[2,9]]
2/7;3/7;[[0,0],[1,0],[3,5],[1,5],[5,11]]
2/3;2/3;[[0,0],[2,0],[1,3],[5,2],[-1,2],[6,3]]
7/15;2/3;[[0,0],[1,0],[5,6],[8,8],[6,7],[4,2]]
13/22;1;[[0,0],[11,0],[0,1],[10,-1],[5,-1]]
1/2;1/2;[[0,0],[1,0],[5,6],[2,1],[4,4],[3,6],[5,9]]
2/3;2/3;[[0,0],[3,0],[0,1],[1,3],[1,-3],[3,4]]
1/2;1/2;[[0,0],[1,0],[3,6],[0,-1],[6,8],[1,4]]
1;1;[[0,0],[1,0],[6,11],[-3,-7],[4,8],[6,10]]
2/5;1/2;[[0,0],[1,0],[6,7],[1,2],[6,9],[3,5],[8,11]]
2/5;3/7;[[0,0],[1,0],[0,1],[2,7],[5,10]]
29/133;3/7;[[0,0],[1,0],[6,13],[-5,-14]]
4/9;1/2;[[0,0],[1,0],[0,1],[2,3],[4,1],[6,5],[5,5]]
2/3;2/3;[[0,0],[2,0],[0,1],[-6,1],[-10,3],[-3,2],[-7,3]]
3/5;1;[[0,0],[10,0],[0,1],[8,-1],[1,-1]]
2/3;2/3;[[0,0],[1,0],[0,2],[3,6],[3,11]]
3/7;1/2;[[0,0],[1,0],[0,1],[5,5],[3,5],[5,4],[3,1],[4,2]]
15/26;1;[[0,0],[13,0],[0,1],[2,-1],[-1,1]]
2/3;2/3;[[0,0],[1,0],[1,2],[-1,-3],[4,5],[7,12],[8,13]]
2/5;3/7;[[0,0],[1,0],[2,5],[4,5],[-1,2],[0,4]]
14/33;2/3;[[0,0],[1,0],[2,11],[3,12],[3,10],[2,4]]
1/5;2/3;[[0,0],[1,0],[8,15],[6,9]]
15/26;1;[[0,0],[1,0],[24,25],[2,1]]
11/28;1/2;[[0,0],[3,0],[2,3],[3,2],[-1,2],[2,-3]]
3/8;1/2;[[0,0],[1,0],[2,3],[-2,-7],[4,11],[3,10]]
1/2;1/2;[[0,0],[1,0],[2,6],[0,1],[4,6],[4,5],[3,2]]
4/11;3/7;[[0,0],[1,0],[0,1],[-20,13],[-22,14]]
4/9;1/2;[[0,0],[1,0],[1,3],[4,10],[4,6],[2,1]]
3/7;1/2;[[0,0],[1,0],[0,5],[2,3],[-2,3],[2,5]]
6/17;1/2;[[0,0],[3,0],[1,3],[3,-4],[4,-3],[4,-5]]
4/11;1/2;[[0,0],[1,0],[0,1],[10,13],[11,14]]
3/7;2/3;[[0,0],[1,0],[5,6],[7,7],[-7,-9],[-9,-11]]
2/5;1/2;[[0,0],[1,0],[4,8],[4,5],[1,4],[2,6]]
5/12;1/2;[[0,0],[1,0],[3,7],[5,9],[5,11],[3,3]]
4/9;2/3;[[0,0],[1,0],[2,9],[3,11],[3,7],[2,2]]
1;1;[[0,0],[1,0],[2,4],[7,12],[-5,-11]]
6/17;1/2;[[0,0],[1,0],[7,9],[3,4],[8,9],[-4,-6],[-5,-7]]
4/11;1/2;[[0,0],[1,0],[4,7],[2,6],[1,4],[6,12]]
4/9;2/3;[[0,0],[1,0],[2,9],[-1,-11],[0,-8],[-1,-13]]
1/2;1/2;[[0,0],[1,0],[0,3],[2,4],[4,4],[-3,1]]
9/28;1/2;[[0,0],[1,0],[5,14],[5,11],[4,8]]
1/2;1/2;[[0,0],[1,0],[2,3],[4,4],[11,15],[12,16]]
1;1;[[0,0],[2,0],[1,5],[1,-4],[0,4],[2,5]]
2/3;2/3;[[0,0],[1,0],[0,2],[-6,2],[-5,3],[-6,1],[-4,3]]
1/3;1/2;[[0,0],[1,0],[2,8],[1,6],[3,8],[-1,-7]]
2/3;2/3;[[0,0],[1,0],[7,8],[8,9],[3,1],[5,3]]
1;1;[[0,0],[12,0],[0,1],[8,-1],[-1,1],[6,-1]]
2/3;2/3;[[0,0],[1,0],[0,3],[5,3],[-3,2]]
11/28;1/2;[[0,0],[1,0],[5,7],[-7,-13],[-6,-12],[-9,-17]]
5/12;1/2;[[0,0],[1,0],[1,3],[4,2],[4,6],[3,6]]
1/3;1/2;[[0,0],[1,0],[2,3],[7,8],[6,6],[7,10]]
1/5;2/3;[[0,0],[1,0],[5,9],[-6,-12],[-7,-13]]
4/9;1/2;[[0,0],[1,0],[0,2],[-3,2],[-5,5],[-4,3],[-2,5]]
6/13;2/3;[[0,0],[1,0],[2,9],[2,3],[3,13],[3,7]]
4/9;2/3;[[0,0],[1,0],[2,9],[-1,-14],[-1,-16]]
1;1;[[0,0],[1,0],[0,1],[-10,1],[-13,2],[-7,2]]
4/11;1/2;[[0,0],[2,0],[3,4],[3,3],[-1,-5],[1,3],[2,5]]
3/7;1/2;[[0,0],[1,0],[1,2],[5,3],[5,6],[3,5],[4,6]]
4/9;2/3;[[0,0],[1,0],[7,9],[9,10],[6,6],[11,13]]
2/5;3/7;[[0,0],[1,0],[3,5],[5,5],[5,2]]
2/3;2/3;[[0,0],[1,0],[0,6],[2,4],[-1,3],[-1,4],[2,6]]
1;1;[[0,0],[1,0],[0,1],[-10,1],[-12,2],[-6,2]]
2/3;2/3;[[0,0],[2,0],[0,1],[1,3],[6,2],[7,3]]
4/11;1/2;[[0,0],[2,0],[2,5],[0,4],[3,4],[-1,3]]
4/9;1/2;[[0,0],[2,0],[0,3],[3,-6],[-1,4],[4,-6]]
9/23;1/2;[[0,0],[2,0],[5,6],[-1,-4],[6,7],[6,6]]
1/2;1/2;[[0,0],[4,0],[1,3],[2,-2],[3,-2],[-1,2]]
3/11;3/7;[[0,0],[1,0],[11,17],[12,19],[-2,-5]]
1/2;1/2;[[0,0],[2,0],[0,4],[-2,4],[-1,5],[2,-3],[3,-3]]
2/9;2/3;[[0,0],[6,0],[1,2],[-4,1],[7,-1]]
3/7;2/3;[[0,0],[1,0],[7,8],[6,4],[7,5]]
1/4;1/2;[[0,0],[6,0],[1,2],[3,-2],[0,-1]]
4/9;1/2;[[0,0],[1,0],[0,3],[-2,1],[-3,4],[-1,5],[-3,6],[-2,6]]
19/77;3/7;[[0,0],[2,0],[1,3],[4,5],[-1,-5]]
2/5;1/2;[[0,0],[1,0],[2,4],[4,5],[5,5],[-1,2],[-2,1]]
1/2;1/2;[[0,0],[1,0],[0,1],[1,2],[5,2],[9,6]]
1/3;1/2;[[0,0],[1,0],[7,12],[7,10],[3,3],[6,8]]
6/17;1/2;[[0,0],[1,0],[5,9],[4,9],[4,5],[5,7]]
2/3;2/3;[[0,0],[1,0],[1,3],[-2,4],[-2,1],[0,6]]
1/2;1/2;[[0,0],[1,0],[0,1],[6,4],[6,3],[3,4],[1,3]]
1/5;2/3;[[0,0],[1,0],[9,17],[3,3]]
3/7;1/2;[[0,0],[1,0],[0,3],[-3,2],[-4,5],[-4,4],[-2,5]]
2/3;2/3;[[0,0],[1,0],[0,1],[-8,2],[-10,3],[-4,3]]
2/3;2/3;[[0,0],[2,0],[0,3],[4,3],[-3,2]]
4/11;1/2;[[0,0],[1,0],[6,7],[-14,-20]]
1/3;3/7;[[0,0],[1,0],[5,8],[7,11],[7,9],[4,4]]
13/40;2/5;[[0,0],[1,0],[9,11],[-3,-5],[14,17],[15,18]]
5/18;1/2;[[0,0],[1,0],[5,9],[11,18]]
5/13;1/2;[[0,0],[1,0],[2,5],[4,4],[1,4],[6,7]]
3/7;1/2;[[0,0],[2,0],[2,5],[1,4],[4,5],[4,3]]
2/3;2/3;[[0,0],[2,0],[1,3],[-3,1],[-4,3],[-4,2]]
2/3;2/3;[[0,0],[1,0],[4,5],[6,4],[5,6],[8,6]]
1/2;1/2;[[0,0],[1,0],[0,1],[2,-7],[3,-5],[1,-5],[4,-9],[4,-8]]
1/2;1/2;[[0,0],[1,0],[4,7],[7,10],[3,2]]
11/34;1/2;[[0,0],[2,0],[0,3],[-3,7],[5,-6]]
4/15;1/2;[[0,0],[2,0],[1,3],[-1,4],[3,-7]]
1;1;[[0,0],[2,0],[0,1],[-8,1],[-13,2],[-4,2]]
2/5;3/7;[[0,0],[2,0],[1,3],[0,5],[-2,1],[-3,2]]
1/3;1/2;[[0,0],[1,0],[0,6],[-2,4],[-2,1],[-3,2]]
5/14;1/2;[[0,0],[1,0],[7,10],[6,8],[-4,-7],[5,8],[7,11]]
1/2;1/2;[[0,0],[2,0],[2,3],[5,2],[5,6]]
4/11;1/2;[[0,0],[1,0],[3,8],[4,8],[4,7],[2,7],[1,5]]
13/33;2/3;[[0,0],[1,0],[9,15],[10,17],[-4,-9]]
3/7;2/3;[[0,0],[1,0],[0,7],[1,-6],[-1,10],[2,-9],[2,-8]]
5/13;1/2;[[0,0],[2,0],[0,1],[11,-6],[-3,2],[8,-5],[7,-3]]
1;1;[[0,0],[12,0],[0,1],[5,-1],[-1,1],[3,-1]]
4/9;1/2;[[0,0],[1,0],[2,5],[-3,-10],[-2,-9],[-3,-8]]
7/20;1/2;[[0,0],[1,0],[2,4],[5,5],[0,3],[-2,1]]
1/3;1/2;[[0,0],[1,0],[0,2],[-5,4],[-2,5],[-3,6]]
24/85;3/7;[[0,0],[5,0],[1,3],[2,-2],[0,-1]]
11/34;1/2;[[0,0],[1,0],[2,3],[12,16],[-4,-7]]
7/15;2/3;[[0,0],[1,0],[1,5],[2,7],[3,8],[2,1],[3,3]]
2/5;2/3;[[0,0],[1,0],[10,11],[-13,-15],[9,10]]
2/5;1/2;[[0,0],[2,0],[2,3],[5,2],[8,5]]
1/3;1/2;[[0,0],[1,0],[3,4],[6,5],[6,6],[4,1]]
5/24;2/5;[[0,0],[4,0],[2,3],[0,-3],[-1,-2]]
1/2;1/2;[[0,0],[1,0],[2,7],[2,3],[6,19]]
9/23;2/3;[[0,0],[2,0],[3,7],[3,8],[1,-5]]
1/2;1/2;[[0,0],[1,0],[4,9],[5,9],[5,11],[2,1],[3,3]]
3/7;1/2;[[0,0],[1,0],[5,6],[4,4],[0,2],[3,6],[2,5]]
1;1;[[0,0],[1,0],[5,10],[6,10],[-3,-7]]
1;1;[[0,0],[10,0],[0,1],[9,-1],[-2,1],[4,-1]]
16/39;2/3;[[0,0],[1,0],[2,13],[3,13],[0,-1]]
2/5;1/2;[[0,0],[1,0],[3,8],[4,10],[4,5]]
10/29;1/2;[[0,0],[3,0],[0,2],[5,-3],[-4,4],[-3,2]]
7/20;1/2;[[0,0],[2,0],[1,3],[3,-5],[-1,7],[3,-4]]
4/9;1/2;[[0,0],[1,0],[2,5],[-1,3],[1,6],[2,6],[-2,1]]
3/7;2/3;[[0,0],[1,0],[2,14],[3,16],[3,17]]
9/25;3/7;[[0,0],[1,0],[5,13],[5,10],[2,2]]
4/9;2/3;[[0,0],[1,0],[0,7],[-1,5],[2,5],[-1,6]]
3/7;2/3;[[0,0],[1,0],[3,8],[-4,-13],[4,9]]
2/5;3/7;[[0,0],[1,0],[8,10],[-7,-10],[8,9]]
19/65;3/7;[[0,0],[1,0],[5,13],[5,10],[4,7]]
1/2;2/3;[[0,0],[1,0],[1,8],[0,-3],[3,12]]
1/2;2/3;[[0,0],[1,0],[1,8],[0,-3],[3,10]]
1/2;2/3;[[0,0],[1,0],[1,8],[0,-3],[3,8]]
7/15;2/3;[[0,0],[1,0],[3,8],[2,10],[3,13]]
5/18;3/7;[[0,0],[1,0],[3,8],[6,13],[-1,-5]]
1/5;2/3;[[0,0],[1,0],[7,12],[-4,-9],[7,11]]
2/3;2/3;[[0,0],[1,0],[0,3],[-2,6],[5,-13],[5,-14]]
2/5;1/2;[[0,0],[1,0],[3,9],[1,6],[3,10],[-1,1]]
7/15;2/3;[[0,0],[1,0],[7,9],[13,15]]
1;1;[[0,0],[2,0],[0,1],[-9,1],[-11,2],[-4,2]]
3/8;1/2;[[0,0],[3,0],[0,2],[4,3],[2,-2],[1,-3]]
1;1;[[0,0],[1,0],[6,11],[-3,-7],[3,6],[7,12]]
2/3;2/3;[[0,0],[1,0],[0,2],[-6,1],[-4,3],[-1,3]]
31/115;3/7;[[0,0],[1,0],[5,15],[6,19],[-1,-7]]
1/2;1/2;[[0,0],[1,0],[2,3],[-5,-8],[-7,-12],[-1,-4]]
5/21;1/2;[[0,0],[3,0],[4,5],[1,-4]]
2/5;1/2;[[0,0],[5,0],[1,2],[5,-1],[-1,1],[3,-2],[4,1]]
1/2;2/3;[[0,0],[1,0],[1,3],[-2,18]]
16/55;3/7;[[0,0],[1,0],[3,13],[-2,-11],[3,14]]
1;1;[[0,0],[11,0],[0,1],[8,-1],[-2,1],[5,-1]]
7/34;2/3;[[0,0],[1,0],[0,8],[-1,14],[2,-11]]
3/7;1/2;[[0,0],[1,0],[1,2],[-1,5],[-2,1],[0,5],[-3,3]]
2/3;2/3;[[0,0],[2,0],[0,3],[3,3],[-4,1]]
13/35;3/7;[[0,0],[1,0],[5,7],[5,2]]
2/5;1/2;[[0,0],[5,0],[0,1],[5,2],[3,-2],[4,-2]]
11/28;1/2;[[0,0],[1,0],[3,7],[-4,-11],[-5,-12],[-6,-15]]
13/35;3/7;[[0,0],[1,0],[0,4],[3,7],[-2,1]]
4/9;2/3;[[0,0],[1,0],[2,9],[-1,-9],[2,11],[1,8]]
7/15;2/3;[[0,0],[1,0],[1,8],[2,8],[2,7],[0,-5],[-1,-9]]
2;2;[[0,0],[9,0],[0,1],[-18,1]]
1/2;1/2;[[0,0],[1,0],[1,4],[4,7],[3,2],[4,4]]
5/12;2/3;[[0,0],[1,0],[5,13],[-3,-9],[5,14]]
1/2;1/2;[[0,0],[1,0],[1,3],[3,1],[4,4],[5,4],[-2,1]]
4/9;1/2;[[0,0],[1,0],[0,1],[-10,6],[-6,5],[-12,8]]
4/9;1/2;[[0,0],[1,0],[1,2],[6,5],[2,3],[3,1],[5,5],[6,3]]
2/5;1/2;[[0,0],[1,0],[1,5],[-1,5],[2,4],[-2,3]]
1/2;1/2;[[0,0],[1,0],[3,4],[5,5],[4,5],[5,1]]
2/3;2/3;[[0,0],[2,0],[0,1],[-7,3],[-15,7],[-14,7]]
4/9;1/2;[[0,0],[1,0],[2,3],[-4,-7],[7,9],[-7,-11],[8,10]]
7/15;2/3;[[0,0],[1,0],[1,8],[2,7],[2,6],[0,-5],[-1,-9]]
2/3;2/3;[[0,0],[1,0],[0,1],[3,7],[3,10],[2,9],[1,6]]
2/3;2/3;[[0,0],[1,0],[0,7],[-1,7],[-1,8],[2,1],[2,3]]
3/8;3/7;[[0,0],[1,0],[0,1],[-7,5],[-7,3],[-4,1]]
1/2;1/2;[[0,0],[1,0],[2,8],[3,9],[1,5],[3,8],[-1,-6],[-1,-7]]
13/23;1;[[0,0],[1,0],[10,19],[-3,-8]]
1;1;[[0,0],[1,0],[0,1],[1,2],[13,2]]
1/2;1/2;[[0,0],[1,0],[0,1],[1,2],[13,8]]
5/12;1/2;[[0,0],[1,0],[0,1],[1,2],[13,10]]
3/14;1/2;[[0,0],[1,0],[12,13],[-5,-7],[17,19]]
4/11;1/2;[[0,0],[1,0],[12,17],[6,7],[2,1]]
8/19;2/3;[[0,0],[1,0],[4,7],[-6,-12],[-7,-13],[-9,-17]]
5/12;1/2;[[0,0],[1,0],[1,3],[4,6],[4,3],[3,6],[3,1]]
23/105;2/3;[[0,0],[1,0],[2,13],[-1,-14]]
2/3;2/3;[[0,0],[1,0],[0,2],[1,6],[2,2],[3,8],[3,5]]
11/28;1/2;[[0,0],[1,0],[2,7],[5,14],[5,16]]
5/22;1/2;[[0,0],[1,0],[4,13],[-3,-11],[-3,-10]]
1/2;1/2;[[0,0],[1,0],[1,3],[4,5],[2,4],[4,2],[5,5],[5,3]]
5/13;1/2;[[0,0],[1,0],[3,11],[2,4],[-1,-7],[2,9],[3,10]]
2/5;3/7;[[0,0],[4,0],[1,2],[2,-3],[4,1],[-1,2]]
26/95;2/5;[[0,0],[1,0],[12,14],[14,17],[-3,-5]]
2/3;2/3;[[0,0],[1,0],[8,9],[-11,-13],[7,8],[-13,-15]]
17/39;2/3;[[0,0],[1,0],[0,3],[-8,1]]
2/3;2/3;[[0,0],[1,0],[0,3],[-8,3]]
1/2;1/2;[[0,0],[1,0],[0,1],[3,5],[2,6],[6,14]]
7/15;2/3;[[0,0],[1,0],[14,20],[15,21]]
1/2;1/2;[[0,0],[1,0],[2,5],[2,1],[-1,1],[1,4],[4,4],[4,5]]
7/26;1/2;[[0,0],[6,0],[1,2],[6,-1],[3,3]]
14/33;2/3;[[0,0],[1,0],[2,11],[3,11],[2,5],[3,15]]
28/69;2/3;[[0,0],[3,0],[2,5],[3,-4]]
1/2;2/3;[[0,0],[1,0],[0,1],[3,5],[7,8],[8,10]]
11/28;1/2;[[0,0],[1,0],[10,17],[-4,-7],[11,19]]
29/75;2/3;[[0,0],[3,0],[0,1],[25,-8]]
2/3;2/3;[[0,0],[1,0],[0,1],[3,-3],[3,-8],[2,-8]]
10/23;2/3;[[0,0],[8,0],[1,2],[3,-1],[0,-1]]
3/8;1/2;[[0,0],[1,0],[4,9],[4,7],[1,4],[3,9]]
2/5;1/2;[[0,0],[1,0],[5,12],[5,9],[4,6]]
4/9;1/2;[[0,0],[2,0],[4,5],[3,1],[-1,-2],[3,5],[5,4]]
1/2;1/2;[[0,0],[1,0],[3,4],[6,3],[1,3],[7,4]]
10/21;2/3;[[0,0],[1,0],[2,7],[3,8],[3,1]]
2/5;1/2;[[0,0],[1,0],[2,4],[5,5],[5,9]]
1/2;1/2;[[0,0],[1,0],[2,3],[3,4],[5,2],[8,4]]
1/2;1/2;[[0,0],[1,0],[3,4],[-2,2],[-1,4],[-2,3]]
1/2;1/2;[[0,0],[4,0],[0,2],[1,-2],[3,1],[4,-3]]
8/27;1/2;[[0,0],[1,0],[6,7],[-10,-12],[-13,-16]]
2/3;2/3;[[0,0],[2,0],[0,3],[-3,1],[-5,3],[-5,2]]
12/35;3/7;[[0,0],[1,0],[5,7],[0,1],[3,7],[1,4]]
1/3;1/2;[[0,0],[1,0],[14,17],[15,18],[6,6]]
1/3;1/2;[[0,0],[1,0],[2,9],[-1,-11],[3,13],[3,12]]
2/5;1/2;[[0,0],[2,0],[0,5],[-1,5],[4,1]]
4/11;1/2;[[0,0],[1,0],[5,8],[8,11],[1,3]]
1/2;1/2;[[0,0],[1,0],[4,5],[-3,-6],[-7,-10],[-6,-8]]
4/11;1/2;[[0,0],[1,0],[3,10],[4,11],[4,9],[2,2]]
1/2;1/2;[[0,0],[4,0],[0,2],[2,2],[3,-3],[4,-3]]
1;1;[[0,0],[4,0],[1,2],[8,1],[9,2]]
2/3;2/3;[[0,0],[1,0],[0,1],[3,-10],[2,-10],[3,-9],[1,-7]]
4/9;1/2;[[0,0],[1,0],[0,1],[9,6],[12,9]]
1/3;1/2;[[0,0],[1,0],[15,23],[3,3]]
4/9;1/2;[[0,0],[1,0],[1,4],[3,3],[6,9]]
2/5;1/2;[[0,0],[1,0],[2,4],[1,5],[2,9],[3,9],[-1,-7]]
7/20;1/2;[[0,0],[1,0],[3,10],[4,11],[4,9],[3,5]]
1/2;1/2;[[0,0],[1,0],[0,1],[5,-6],[5,-5],[1,-3],[3,-6],[2,-5]]
1;1;[[0,0],[1,0],[1,10],[2,10],[0,-3],[2,6]]
2/3;2/3;[[0,0],[1,0],[0,1],[3,5],[1,5],[3,10],[2,8]]
1;1;[[0,0],[1,0],[2,4],[5,8],[-7,-15]]
1/3;2/5;[[0,0],[1,0],[1,3],[7,5],[7,4]]
11/35;1/2;[[0,0],[1,0],[3,7],[-2,-8],[-4,-12],[-3,-8]]
5/12;2/3;[[0,0],[1,0],[15,16],[20,22],[21,23]]
2/3;2/3;[[0,0],[2,0],[2,3],[7,2],[8,3]]
3/14;3/7;[[0,0],[4,0],[1,2],[-4,3],[5,-2]]
4/13;3/7;[[0,0],[1,0],[2,5],[-4,1]]
2/3;2/3;[[0,0],[1,0],[2,3],[6,3],[-1,2],[-3,1]]
7/15;2/3;[[0,0],[1,0],[0,1],[8,-8],[1,-2],[4,-6]]
1;1;[[0,0],[1,0],[0,2],[-8,1],[-9,2]]
2/3;2/3;[[0,0],[2,0],[1,3],[8,3]]
2/3;2/3;[[0,0],[1,0],[19,21],[20,22],[2,1]]
4/9;1/2;[[0,0],[1,0],[5,6],[2,1],[0,1],[5,5],[1,3],[3,6]]
3/5;1;[[0,0],[1,0],[12,13],[19,20]]
1/2;1/2;[[0,0],[1,0],[6,8],[6,7],[-5,-7],[-5,-8],[-6,-9]]
2/3;2/3;[[0,0],[1,0],[0,1],[-5,1],[-8,3],[-7,2],[-3,3]]
8/25;3/7;[[0,0],[1,0],[7,11],[3,2],[5,5]]
3/7;1/2;[[0,0],[3,0],[1,4],[2,-2],[-1,2],[0,4],[-1,3]]
4/9;2/3;[[0,0],[1,0],[2,7],[0,6],[2,8],[-1,3]]
4/9;2/3;[[0,0],[1,0],[5,9],[3,3],[9,15]]
4/9;2/3;[[0,0],[1,0],[2,7],[2,8],[1,7],[0,-6],[-1,-8]]
1;1;[[0,0],[4,0],[0,1],[-9,1],[-13,2],[-8,2]]
1;1;[[0,0],[1,0],[12,13],[4,3],[16,17]]
3/7;2/3;[[0,0],[1,0],[0,7],[-1,13],[2,-11],[2,-9]]
2/7;1/2;[[0,0],[1,0],[5,7],[4,7],[-7,-13]]
2;2;[[0,0],[7,0],[0,1],[-20,1]]
1/2;1/2;[[0,0],[3,0],[1,2],[0,1],[4,3],[1,-3],[4,4]]
1/2;1/2;[[0,0],[1,0],[0,1],[-6,2],[-10,6]]
2/7;3/7;[[0,0],[1,0],[6,7],[5,7],[-9,-13]]
5/14;1/2;[[0,0],[2,0],[4,5],[-2,-5],[-1,-4],[4,3],[5,5]]
1/2;1/2;[[0,0],[1,0],[3,4],[7,3],[8,4]]
1/2;1/2;[[0,0],[2,0],[4,6],[4,7],[1,4],[0,2]]
3/10;2/5;[[0,0],[1,0],[4,5],[-2,3]]
1;1;[[0,0],[4,0],[1,2],[7,2],[-3,1]]
4/9;2/3;[[0,0],[1,0],[0,6],[-2,8],[-1,1],[-2,5]]
1/2;1/2;[[0,0],[1,0],[5,7],[0,-1],[6,7],[3,6],[2,5]]
11/49;2/3;[[0,0],[1,0],[0,7],[2,-13],[-1,10]]
1/4;2/3;[[0,0],[1,0],[0,7],[2,-13],[-1,8]]
8/35;2/3;[[0,0],[1,0],[0,7],[2,-13],[-1,9]]
3/10;3/7;[[0,0],[1,0],[5,7],[-5,-8],[-5,-10]]
2/3;2/3;[[0,0],[1,0],[1,2],[7,3],[9,3],[-3,1]]
1/2;1/2;[[0,0],[2,0],[3,6],[4,2],[4,7]]
1;1;[[0,0],[1,0],[1,2],[4,6],[-9,-19]]
1/4;1/2;[[0,0],[1,0],[5,12],[6,12],[-1,-3]]
1/2;1/2;[[0,0],[1,0],[2,3],[6,3],[6,4],[-1,2],[7,4]]
7/12;1;[[0,0],[12,0],[0,1],[10,-1],[7,-1]]
1/3;1/2;[[0,0],[1,0],[6,9],[5,9],[6,8],[4,4]]
2/3;2/3;[[0,0],[1,0],[1,7],[0,-4],[3,11],[3,10]]
1/3;1/2;[[0,0],[1,0],[7,8],[3,4],[6,6],[-5,-7],[7,9]]
2/7;1/2;[[0,0],[1,0],[4,8],[5,8],[4,5],[2,5],[-1,-3]]
3/7;2/3;[[0,0],[1,0],[8,9],[7,7],[-6,-8],[-5,-6],[-7,-9]]
12/35;3/7;[[0,0],[1,0],[4,7],[2,6],[1,5],[-1,1]]
11/18;1;[[0,0],[1,0],[1,9],[2,12],[2,3]]
2/5;3/7;[[0,0],[2,0],[1,3],[4,3],[2,5],[5,5]]
1;1;[[0,0],[1,0],[20,21],[2,1],[22,23]]
8/25;2/5;[[0,0],[1,0],[2,5],[-3,-9],[-3,-8],[-1,-7]]
1/2;1/2;[[0,0],[1,0],[0,3],[-2,2],[-2,7],[-3,5],[-3,8]]
3/8;1/2;[[0,0],[1,0],[1,4],[3,7],[4,8],[3,3],[4,5]]
7/15;2/3;[[0,0],[1,0],[7,8],[5,5],[-6,-7],[-5,-7],[-8,-10]]
1;1;[[0,0],[1,0],[2,4],[3,4],[-9,-19]]
2;2;[[0,0],[11,0],[0,1],[-16,1]]
2/3;2/3;[[0,0],[1,0],[2,11],[-1,-13],[2,10],[-1,-14]]
7/12;1;[[0,0],[12,0],[0,1],[6,-1],[3,-1]]
7/12;1;[[0,0],[12,0],[0,1],[4,-1],[1,-1]]
7/18;1/2;[[0,0],[1,0],[13,16],[14,18],[15,19]]
13/42;1/2;[[0,0],[1,0],[6,7],[6,6],[5,7],[4,2]]
4/9;2/3;[[0,0],[1,0],[2,9],[3,9],[2,2],[3,5]]
4/9;2/3;[[0,0],[1,0],[1,6],[2,8],[3,9],[2,2],[3,6]]
2/3;2/3;[[0,0],[1,0],[4,6],[0,1],[2,4],[4,3],[6,6]]
1/2;1/2;[[0,0],[1,0],[9,10],[-10,-13],[-9,-12],[10,11]]
1;1;[[0,0],[1,0],[3,5],[-4,-8],[-6,-14]]
1/2;1/2;[[0,0],[2,0],[0,1],[15,4],[16,4]]
1/2;1/2;[[0,0],[1,0],[0,1],[-5,3],[-4,4],[-12,8],[-11,7]]
5/13;1/2;[[0,0],[1,0],[1,3],[5,3],[4,4],[5,1]]
2/5;3/7;[[0,0],[1,0],[0,1],[4,8],[3,9],[5,11]]
2/3;2/3;[[0,0],[3,0],[2,3],[-2,1],[-3,3]]
2/3;2/3;[[0,0],[1,0],[0,1],[6,1],[6,3],[10,3]]
2/5;3/7;[[0,0],[1,0],[4,5],[3,5],[-10,-17]]
2/3;2/3;[[0,0],[1,0],[2,6],[-3,-10],[3,7],[-2,-9]]
3/7;1/2;[[0,0],[1,0],[6,7],[4,4],[-8,-10],[-10,-13],[-9,-12]]
9/23;1/2;[[0,0],[1,0],[11,13],[-7,-9],[-5,-6],[-9,-11]]
1/2;1/2;[[0,0],[1,0],[6,9],[6,8],[-4,-7],[3,5],[5,6],[5,8]]
3/8;1/2;[[0,0],[1,0],[0,5],[-2,10],[-1,9],[-2,9],[2,-7]]
3/7;2/3;[[0,0],[1,0],[0,7],[-1,7],[2,4],[2,5]]
2/5;1/2;[[0,0],[1,0],[2,5],[4,8],[-3,-9],[-4,-11],[4,7]]
1/2;1/2;[[0,0],[1,0],[3,8],[2,2],[5,10],[4,7],[5,12]]
2/5;1/2;[[0,0],[1,0],[1,4],[4,10],[5,10],[5,11]]
1/2;1/2;[[0,0],[1,0],[4,7],[2,1],[8,11]]
7/34;1/2;[[0,0],[1,0],[10,11],[-13,-16]]
2/3;2/3;[[0,0],[1,0],[0,1],[7,1],[3,2],[9,3],[7,3]]
2/3;2/3;[[0,0],[1,0],[1,7],[0,-4],[3,13],[3,12]]
24/85;3/7;[[0,0],[5,0],[1,2],[-2,3],[7,-2]]
1/2;2/3;[[0,0],[1,0],[0,1],[-5,4],[-14,8],[-15,9]]
3/7;1/2;[[0,0],[1,0],[6,9],[-5,-8],[6,7]]
4/9;2/3;[[0,0],[1,0],[5,6],[5,3],[8,6]]
1/4;1/2;[[0,0],[6,0],[0,1],[13,-2],[-9,2]]
1/2;2/3;[[0,0],[1,0],[2,9],[3,10],[0,5]]
1/2;1/2;[[0,0],[1,0],[1,4],[4,4],[-2,3]]
1/3;1/2;[[0,0],[1,0],[4,15],[4,18]]
1/3;1/2;[[0,0],[1,0],[4,15],[4,11]]
1/2;1/2;[[0,0],[1,0],[0,1],[-9,3],[-10,4],[-7,2],[-5,3],[-8,4]]
1/2;1/2;[[0,0],[2,0],[1,2],[4,4],[-2,-5],[-1,-5]]
9/28;1/2;[[0,0],[1,0],[5,12],[-3,-10],[4,8],[5,11]]
4/9;1/2;[[0,0],[1,0],[8,9],[6,8],[5,7],[-2,-3],[-3,-5]]
4/9;2/3;[[0,0],[1,0],[2,7],[3,7],[1,6],[3,3]]
2/5;1/2;[[0,0],[2,0],[3,4],[5,5],[5,1]]
2/9;1/2;[[0,0],[1,0],[6,9],[4,9]]
7/15;2/3;[[0,0],[1,0],[2,6],[0,5],[2,9],[-1,2]]
5/26;1/2;[[0,0],[1,0],[4,15],[2,1]]
4/7;1;[[0,0],[1,0],[8,15],[-5,-12]]
7/20;1/2;[[0,0],[2,0],[0,5],[-1,7],[3,-5],[3,-3]]
4/9;1/2;[[0,0],[3,0],[2,3],[0,-1],[4,2],[1,3],[1,-3]]
2/5;3/7;[[0,0],[1,0],[1,5],[0,4],[3,5],[-2,1]]
1/2;1/2;[[0,0],[1,0],[0,1],[-18,15],[-20,17]]
2/3;2/3;[[0,0],[1,0],[4,6],[1,2],[6,8],[6,6],[4,3]]
1;1;[[0,0],[1,0],[0,1],[-8,1],[-13,2],[-3,2]]
2/3;2/3;[[0,0],[1,0],[4,5],[7,7],[6,7],[4,2],[5,3]]
1/2;1/2;[[0,0],[1,0],[9,11],[8,11],[9,12],[7,8],[2,1]]
1/2;1/2;[[0,0],[2,0],[3,4],[1,4],[4,1],[5,2]]
1;1;[[0,0],[1,0],[0,1],[-11,1],[-13,2],[-9,2]]
1/2;1/2;[[0,0],[1,0],[0,1],[4,9],[2,1],[4,11]]
1;1;[[0,0],[11,0],[0,1],[7,-1],[-2,1],[4,-1]]
1/2;1/2;[[0,0],[1,0],[0,1],[-8,5],[-14,9],[-4,4]]
4/9;1/2;[[0,0],[1,0],[0,1],[5,6],[4,7],[7,10]]
13/35;3/7;[[0,0],[1,0],[4,5],[-2,2],[-3,1]]
2/5;1/2;[[0,0],[1,0],[3,9],[2,9],[3,7],[-1,-5]]
2/5;1/2;[[0,0],[1,0],[2,10],[4,15],[4,16]]
1/2;1/2;[[0,0],[1,0],[0,4],[-1,1],[-4,8],[-4,7]]
1/2;1/2;[[0,0],[1,0],[4,5],[5,6],[5,1]]
12/49;1/2;[[0,0],[1,0],[5,7],[-10,-15],[-11,-16]]
3/10;2/5;[[0,0],[1,0],[4,7],[5,10],[-1,1]]
5/12;1/2;[[0,0],[1,0],[3,9],[2,7],[4,10],[-1,-5],[4,9]]
1;1;[[0,0],[2,0],[0,1],[-9,1],[-12,2],[-5,2]]
5/22;1/2;[[0,0],[3,0],[4,5],[-1,-3],[-2,-3]]
2/3;2/3;[[0,0],[1,0],[8,9],[7,8],[-8,-10],[7,7],[-9,-11]]
10/33;1/2;[[0,0],[1,0],[4,9],[6,12],[4,6],[2,1]]
1/2;1/2;[[0,0],[1,0],[2,3],[-2,-5],[-3,-10],[-4,-11],[3,7]]
5/12;1/2;[[0,0],[6,0],[0,1],[2,2],[2,-2],[1,2]]
4/9;1/2;[[0,0],[2,0],[0,1],[1,-2],[2,5],[3,6],[4,6]]
16/39;2/3;[[0,0],[1,0],[4,7],[-5,-12],[-4,-11],[-6,-15]]
1/2;1/2;[[0,0],[1,0],[4,7],[6,9],[2,1],[6,7]]
2/3;2/3;[[0,0],[1,0],[2,3],[-3,1],[-4,2],[-4,3]]
2/3;2/3;[[0,0],[1,0],[4,9],[4,12],[6,17]]
2/5;1/2;[[0,0],[5,0],[1,2],[0,1],[4,-2],[5,1],[3,-2]]
4/9;1/2;[[0,0],[1,0],[8,9],[-9,-11],[-10,-12],[11,13]]
1/2;1/2;[[0,0],[1,0],[0,1],[-4,4],[-3,1],[-8,4],[-7,3]]
2/3;2/3;[[0,0],[1,0],[3,4],[6,6],[5,6],[3,1],[6,4]]
2/3;2/3;[[0,0],[1,0],[1,2],[-2,-9],[-2,-7],[0,-7]]
5/13;1/2;[[0,0],[1,0],[4,10],[4,8],[2,7],[3,10]]
1/2;1/2;[[0,0],[2,0],[0,3],[-3,2],[-2,5],[-4,3]]
1/3;2/5;[[0,0],[1,0],[6,8],[-2,-4],[5,8],[6,7],[-3,-5]]
1/2;1/2;[[0,0],[1,0],[0,1],[1,2],[6,2],[6,4],[4,4]]
1/2;1/2;[[0,0],[1,0],[5,8],[0,-1],[7,9],[4,7],[6,7]]
3/7;1/2;[[0,0],[1,0],[1,2],[5,6],[4,6],[5,4],[3,1],[4,2]]
1/2;1/2;[[0,0],[1,0],[5,7],[2,1],[7,8],[5,5],[8,11],[9,12]]
4/9;2/3;[[0,0],[1,0],[0,6],[-1,5],[1,6],[2,2],[2,5]]
5/13;1/2;[[0,0],[1,0],[2,3],[0,4],[-2,3],[-3,1],[-3,2]]
1/2;1/2;[[0,0],[1,0],[3,4],[4,4],[-2,1],[-3,2]]
16/39;2/3;[[0,0],[1,0],[12,13],[-9,-11],[-6,-8]]
1/3;1/2;[[0,0],[1,0],[3,7],[-3,-11],[-2,-10],[-3,-13]]
14/45;1/2;[[0,0],[1,0],[5,10],[4,9],[5,8],[4,5]]
1/2;1/2;[[0,0],[1,0],[5,7],[0,-1],[4,4],[5,6],[4,7],[1,3],[3,6]]
4/21;3/7;[[0,0],[3,0],[1,3],[5,-6]]
3/8;1/2;[[0,0],[1,0],[2,3],[6,4],[5,1],[6,2]]
2/3;2/3;[[0,0],[1,0],[2,9],[-1,-11],[2,8],[-1,-14]]
2/5;1/2;[[0,0],[1,0],[2,4],[1,5],[2,5],[-1,4],[-2,1]]
2/5;3/7;[[0,0],[1,0],[3,4],[-5,-7],[-5,-9],[-2,-5],[-4,-8]]
8/25;1/2;[[0,0],[1,0],[5,8],[-5,-9],[5,7],[-5,-10]]
5/22;1/2;[[0,0],[1,0],[4,21],[2,5]]
15/26;1;[[0,0],[13,0],[0,1],[4,-1],[-1,1]]
1/3;1/2;[[0,0],[1,0],[2,7],[-1,-4],[-2,-10],[0,-6]]
4/13;1/2;[[0,0],[1,0],[3,10],[3,7],[1,6],[4,11]]
4/9;2/3;[[0,0],[1,0],[1,7],[2,8],[2,7],[0,-6],[-1,-9]]
1/2;1/2;[[0,0],[2,0],[0,3],[4,2],[4,1],[1,5]]
1/3;1/2;[[0,0],[6,0],[2,3],[1,-1],[1,3]]
1/3;1/2;[[0,0],[1,0],[0,6],[-3,3],[-3,2]]
2/5;1/2;[[0,0],[5,0],[0,1],[1,-1],[5,2],[4,-2]]
1/3;3/7;[[0,0],[3,0],[1,3],[1,-2],[5,-4]]
4/9;2/3;[[0,0],[1,0],[0,8],[2,-9],[-1,13],[-1,15]]
15/26;1;[[0,0],[13,0],[0,1],[8,-1],[-1,1]]
1/2;1/2;[[0,0],[1,0],[1,2],[-1,-3],[9,14],[10,15]]
1/3;1/2;[[0,0],[1,0],[5,7],[6,10],[-4,-8],[-5,-9]]
5/12;2/3;[[0,0],[8,0],[0,1],[10,-1],[1,2],[2,2]]
2/5;3/7;[[0,0],[1,0],[6,10],[8,13],[10,15]]
2/3;2/3;[[0,0],[1,0],[3,5],[3,8],[0,3],[1,6]]
2/3;2/3;[[0,0],[1,0],[0,2],[-2,5],[-3,3],[-6,9]]
15/26;1;[[0,0],[13,0],[0,1],[9,-1],[-1,1]]
3/7;1/2;[[0,0],[4,0],[1,2],[3,1],[2,-1],[-4,3],[-5,3]]
3/8;3/7;[[0,0],[1,0],[6,7],[4,4],[5,7],[-6,-9],[-7,-10]]
1/2;1/2;[[0,0],[1,0],[1,2],[-3,3],[-3,2],[-1,5],[0,5]]
2;2;[[0,0],[8,0],[0,1],[-19,1]]
1/3;1/2;[[0,0],[1,0],[4,9],[6,11],[2,1]]
1/2;1/2;[[0,0],[1,0],[3,6],[2,5],[3,2],[5,6],[5,5]]
2/3;2/3;[[0,0],[2,0],[0,1],[-5,1],[-10,3],[-5,3]]
4/11;1/2;[[0,0],[1,0],[9,11],[-9,-13],[10,12]]
7/15;2/3;[[0,0],[1,0],[0,1],[2,15],[3,20]]
17/77;2/3;[[0,0],[1,0],[2,13],[2,6],[3,14]]
1/2;1/2;[[0,0],[1,0],[0,4],[-1,2],[-4,11],[-4,12]]
3/8;1/2;[[0,0],[1,0],[8,11],[7,8],[11,14]]
3/7;2/3;[[0,0],[1,0],[0,7],[-1,6],[2,4],[2,5]]
8/23;3/7;[[0,0],[1,0],[0,1],[5,7],[3,7],[2,6]]
7/15;2/3;[[0,0],[5,0],[1,2],[2,-1],[5,1],[-3,2]]
5/13;1/2;[[0,0],[1,0],[2,4],[3,10],[2,9],[3,9],[-1,-7]]
9/25;3/7;[[0,0],[1,0],[14,22],[16,25]]
1/2;2/3;[[0,0],[1,0],[0,3],[-6,9],[-6,8]]
1/2;1/2;[[0,0],[1,0],[1,4],[2,4],[-2,3],[-3,1],[-3,2]]
3/7;2/3;[[0,0],[1,0],[0,7],[-1,2],[-2,9],[-2,8]]
1/2;1/2;[[0,0],[1,0],[0,1],[3,5],[4,8],[4,9],[2,7],[1,5]]
5/12;1/2;[[0,0],[1,0],[0,1],[-9,2],[-7,3],[-11,4]]
8/39;2/3;[[0,0],[1,0],[11,13],[9,9]]
2/5;1/2;[[0,0],[1,0],[3,10],[2,10],[-1,-7]]
11/34;1/2;[[0,0],[3,0],[1,3],[4,-3],[-1,5],[4,-2]]
1/3;3/7;[[0,0],[1,0],[4,15],[2,3],[5,18]]
3/8;1/2;[[0,0],[1,0],[1,3],[4,4],[4,1],[6,2]]
5/12;1/2;[[0,0],[1,0],[4,5],[-11,-16],[-10,-14]]
2/5;1/2;[[0,0],[1,0],[0,5],[2,5],[-1,4],[-2,1]]
1/2;1/2;[[0,0],[1,0],[0,1],[4,2],[1,4],[6,4]]
5/12;1/2;[[0,0],[1,0],[1,4],[4,7],[5,7],[5,6]]
2/3;2/3;[[0,0],[1,0],[4,5],[2,1],[7,7],[9,11],[11,13]]
2/3;2/3;[[0,0],[1,0],[2,4],[-3,-7],[0,-3],[-4,-11],[-5,-12]]
1/2;1/2;[[0,0],[2,0],[3,4],[1,3],[5,4],[5,2]]
2/3;2/3;[[0,0],[1,0],[5,9],[4,9],[2,2],[7,14],[7,15]]
3/7;2/3;[[0,0],[1,0],[11,12],[-9,-11],[7,7],[-7,-9]]
3/13;2/5;[[0,0],[1,0],[12,19],[2,1]]
1/3;1/2;[[0,0],[1,0],[0,1],[6,6],[3,6]]
5/12;1/2;[[0,0],[1,0],[1,3],[4,7],[4,2]]
7/15;2/3;[[0,0],[2,0],[0,5],[2,2],[1,-4],[-1,6]]
4/9;2/3;[[0,0],[1,0],[1,6],[2,3],[2,9],[3,8],[3,11]]
1/2;2/3;[[0,0],[3,0],[0,1],[-8,1],[-14,3]]
4/15;1/2;[[0,0],[1,0],[7,15],[3,3]]
2/3;2/3;[[0,0],[3,0],[1,2],[3,3],[6,3],[6,1]]
3/7;1/2;[[0,0],[1,0],[3,9],[2,9],[3,10],[-1,-5],[0,-4]]
1/3;1/2;[[0,0],[1,0],[0,4],[-2,1],[-1,6],[-3,4]]
2/3;2/3;[[0,0],[1,0],[1,3],[3,1],[-4,2],[-3,3]]
19/88;2/3;[[0,0],[1,0],[6,11],[5,11],[-2,-5]]
2/3;2/3;[[0,0],[1,0],[2,7],[2,9],[0,5],[-1,1],[-1,2]]
2/5;1/2;[[0,0],[1,0],[4,5],[5,3],[1,3],[6,5]]
5/12;2/3;[[0,0],[1,0],[1,2],[9,15],[-4,-9]]
2/5;1/2;[[0,0],[1,0],[3,5],[1,4],[4,8],[2,7],[3,9],[4,10]]
1/2;1/2;[[0,0],[1,0],[0,4],[2,4],[-2,3],[-3,1]]
11/28;1/2;[[0,0],[1,0],[10,11],[-11,-14],[11,12]]
5/14;1/2;[[0,0],[1,0],[4,7],[2,7],[4,5]]
2/5;1/2;[[0,0],[1,0],[9,13],[5,5],[3,2]]
2/5;1/2;[[0,0],[1,0],[5,9],[0,-1],[4,9],[5,7]]
1/2;1/2;[[0,0],[1,0],[3,10],[4,10],[2,7],[0,-3],[-1,-5]]
2/3;2/3;[[0,0],[1,0],[7,8],[6,7],[7,7],[-8,-10],[-9,-11]]
4/11;1/2;[[0,0],[1,0],[6,9],[7,9],[5,8],[5,5]]
2/3;2/3;[[0,0],[1,0],[0,2],[3,-9],[1,-5],[3,-5],[2,-8]]
7/15;2/3;[[0,0],[1,0],[0,1],[-8,8],[-5,4],[-12,10]]
4/9;2/3;[[0,0],[1,0],[0,7],[-1,6],[-1,7],[2,5]]
2/3;2/3;[[0,0],[2,0],[0,1],[-5,1],[-11,3],[-6,3]]
1;1;[[0,0],[2,0],[0,1],[-10,1],[-13,2],[-8,2]]
13/22;1;[[0,0],[11,0],[0,1],[6,-1],[1,-1]]
3/8;1/2;[[0,0],[1,0],[2,7],[4,9],[3,4],[4,7]]
13/35;3/7;[[0,0],[1,0],[7,15],[9,21]]
1/2;1/2;[[0,0],[1,0],[4,5],[5,7],[1,3],[4,8],[5,9],[2,5]]
15/46;1/2;[[0,0],[1,0],[9,11],[-11,-16]]
2/3;2/3;[[0,0],[1,0],[0,1],[4,1],[1,3],[8,3]]
17/39;2/3;[[0,0],[2,0],[0,3],[3,5],[1,-4]]
1;1;[[0,0],[1,0],[0,1],[-12,1],[-13,2],[-11,2]]
1/2;1/2;[[0,0],[1,0],[2,3],[-2,3],[0,4],[1,4],[-3,1]]
4/9;2/3;[[0,0],[1,0],[2,9],[-1,-12],[0,-8],[-1,-14]]
5/14;1/2;[[0,0],[1,0],[9,11],[-6,-8],[11,14],[10,13]]
7/15;2/3;[[0,0],[3,0],[0,1],[-14,2],[-18,3]]
1;1;[[0,0],[11,0],[0,1],[10,-1],[-2,1],[7,-1]]
1/2;1/2;[[0,0],[1,0],[1,2],[4,1],[5,2],[5,5],[4,5]]
7/15;2/3;[[0,0],[1,0],[2,9],[1,7],[0,-5],[2,6],[-1,-8]]
2/5;3/7;[[0,0],[1,0],[0,1],[4,-5],[1,-5],[5,-7]]
11/19;1;[[0,0],[1,0],[6,11],[-7,-16]]
1/3;1/2;[[0,0],[1,0],[3,4],[6,3],[6,6]]
10/51;2/3;[[0,0],[1,0],[15,17],[9,9]]
1/2;1/2;[[0,0],[1,0],[0,3],[-3,1],[-1,4],[-4,4],[-4,3]]
2/3;2/3;[[0,0],[1,0],[0,3],[-4,2],[2,3],[-5,1]]
1/2;1/2;[[0,0],[3,0],[0,2],[4,2],[4,3],[1,-3]]
11/28;1/2;[[0,0],[1,0],[3,6],[5,7],[1,4],[-1,1]]
3/8;3/7;[[0,0],[1,0],[3,5],[5,5],[3,1],[5,8]]
5/12;2/3;[[0,0],[8,0],[0,1],[1,-1],[4,-2],[3,-2]]
7/16;2/3;[[0,0],[1,0],[1,7],[2,8],[-1,-11],[2,6]]
2/3;2/3;[[0,0],[1,0],[4,6],[-4,-7],[5,6],[9,13],[8,11]]
7/22;1/2;[[0,0],[1,0],[6,17],[3,5],[2,2]]
9/23;1/2;[[0,0],[1,0],[3,8],[4,9],[2,1],[4,6],[3,3]]
3/5;1;[[0,0],[1,0],[1,10],[2,11],[2,4]]
11/34;1/2;[[0,0],[2,0],[5,8],[-2,-5],[-1,-2]]
3/7;1/2;[[0,0],[1,0],[3,12],[-1,-5],[2,4],[3,14]]
1/3;1/2;[[0,0],[1,0],[1,5],[-1,-9],[2,6],[3,14],[3,13]]
5/11;2/3;[[0,0],[1,0],[3,11],[2,1],[3,4]]
2/3;2/3;[[0,0],[1,0],[1,7],[2,8],[2,6],[0,-5],[-1,-8],[-1,-9]]
2/3;2/3;[[0,0],[1,0],[0,1],[-7,1],[-3,2],[-9,3],[-7,3]]
7/25;3/7;[[0,0],[1,0],[4,5],[-6,-11],[9,14]]
4/9;2/3;[[0,0],[1,0],[2,7],[1,6],[2,1],[3,7],[3,4]]
1;1;[[0,0],[10,0],[0,1],[8,-1],[-3,1],[4,-1]]
4/9;2/3;[[0,0],[1,0],[6,7],[7,8],[7,5]]
1/2;1/2;[[0,0],[3,0],[0,3],[-2,3],[3,2],[2,-2]]
4/11;3/7;[[0,0],[1,0],[5,7],[8,11],[3,1]]
1;1;[[0,0],[3,0],[0,1],[1,2],[11,2]]
1/2;1/2;[[0,0],[1,0],[0,2],[4,1],[4,4],[1,4]]
1/2;1/2;[[0,0],[1,0],[7,11],[3,3],[9,13],[11,17]]
2/3;2/3;[[0,0],[1,0],[1,2],[0,-7],[-1,-3],[-2,-9],[-2,-8]]
12/35;1/2;[[0,0],[1,0],[5,11],[5,8],[2,1]]
2/3;2/3;[[0,0],[1,0],[0,1],[8,-8],[6,-8],[5,-7]]
17/55;1/2;[[0,0],[1,0],[5,11],[5,8],[3,3]]
17/55;1/2;[[0,0],[1,0],[5,11],[5,8],[4,5]]
1/2;1/2;[[0,0],[1,0],[1,2],[4,1],[2,3],[4,4],[7,4]]
2/5;1/2;[[0,0],[1,0],[5,10],[5,9],[0,1],[3,8]]
7/23;1/2;[[0,0],[1,0],[10,16],[11,18],[-3,-7]]
7/15;2/3;[[0,0],[1,0],[9,10],[10,11],[6,5],[3,1]]
14/33;2/3;[[0,0],[1,0],[2,11],[3,11],[3,13],[2,4]]
2/5;1/2;[[0,0],[1,0],[4,6],[5,5],[9,13]]
2/5;1/2;[[0,0],[1,0],[1,4],[3,5],[3,1],[4,5],[4,2]]
2/3;2/3;[[0,0],[1,0],[6,10],[3,6],[5,7],[6,9],[-2,-5]]
1/3;1/2;[[0,0],[1,0],[4,6],[6,6],[1,3],[2,5]]
1/2;1/2;[[0,0],[1,0],[5,8],[2,1],[4,4],[9,14]]
2/5;1/2;[[0,0],[1,0],[3,8],[4,10],[4,6],[3,3]]
6/17;1/2;[[0,0],[1,0],[7,11],[8,11],[9,14],[10,15]]
2/3;2/3;[[0,0],[1,0],[11,13],[7,7],[13,15],[3,2]]
2/5;1/2;[[0,0],[1,0],[4,7],[5,7],[4,5],[-4,-8],[-6,-11]]
18/65;1/2;[[0,0],[1,0],[4,13],[5,13],[0,-1]]
3/7;1/2;[[0,0],[1,0],[1,2],[5,3],[4,6],[5,7]]
1/2;1/2;[[0,0],[1,0],[4,10],[0,-1],[3,10],[4,8]]
8/25;3/7;[[0,0],[1,0],[2,7],[4,10],[-1,1]]
1/2;1/2;[[0,0],[2,0],[1,4],[3,4],[3,5],[-2,1]]
1/3;1/2;[[0,0],[1,0],[3,7],[1,5],[2,9],[4,11]]
1/3;1/2;[[0,0],[1,0],[2,5],[3,11],[-1,-7],[2,9],[1,6]]
1/3;1/2;[[0,0],[1,0],[1,5],[-1,5],[0,6],[3,1]]
31/152;2/3;[[0,0],[1,0],[0,8],[-1,15],[2,-11]]
14/33;2/3;[[0,0],[1,0],[2,11],[-1,-12],[-1,-14]]
4/9;2/3;[[0,0],[1,0],[2,6],[0,6],[-1,2],[-1,5]]
3/7;1/2;[[0,0],[2,0],[1,5],[3,3],[-1,2],[-1,3]]
1/2;1/2;[[0,0],[2,0],[1,3],[4,5],[3,5],[4,1]]
1/2;1/2;[[0,0],[1,0],[0,2],[-1,1],[-3,7],[-4,6],[-5,8],[-5,10]]
9/23;1/2;[[0,0],[2,0],[4,5],[-1,-4],[5,6],[6,6]]
1;1;[[0,0],[1,0],[1,2],[6,10],[-7,-15]]
2/5;2/5;[[0,0],[1,0],[2,5],[-1,1],[3,5],[-2,3]]
4/9;2/3;[[0,0],[1,0],[2,7],[2,8],[0,6],[-1,2]]
4/15;2/5;[[0,0],[1,0],[14,17],[-7,-10]]
1/2;1/2;[[0,0],[1,0],[3,4],[5,3],[1,3],[4,4],[-2,1]]
6/17;1/2;[[0,0],[1,0],[7,9],[8,9],[-3,-4],[-4,-6],[-5,-7]]
2/3;2/3;[[0,0],[3,0],[2,3],[4,3],[-1,2],[-3,1]]
3/7;1/2;[[0,0],[1,0],[0,3],[-3,4],[-2,6],[-2,1],[-3,7]]
2/3;2/3;[[0,0],[1,0],[5,7],[8,10],[6,6],[4,3]]
2/3;2/3;[[0,0],[1,0],[2,4],[-1,2],[2,7],[-1,4]]
3/8;1/2;[[0,0],[1,0],[4,11],[4,7],[2,1]]
3/8;1/2;[[0,0],[1,0],[9,11],[5,7],[10,13],[11,14],[1,2]]
1/2;1/2;[[0,0],[1,0],[2,5],[3,3],[-1,2],[0,4],[3,5],[-1,3]]
1/3;1/2;[[0,0],[1,0],[5,8],[-1,-3],[4,8],[5,7],[3,7]]
2/7;1/2;[[0,0],[1,0],[5,7],[6,6],[9,12]]
1/2;1/2;[[0,0],[1,0],[0,1],[-10,5],[-4,3],[-10,4],[-12,5]]
1/3;1/2;[[0,0],[1,0],[1,2],[6,7],[6,6],[4,7]]
1/2;1/2;[[0,0],[1,0],[5,6],[3,5],[4,6],[4,2],[5,3]]
1;1;[[0,0],[1,0],[0,1],[-9,1],[-12,2],[-4,2]]
1/2;1/2;[[0,0],[1,0],[3,7],[4,9],[3,2],[4,4]]
5/13;1/2;[[0,0],[1,0],[5,7],[4,5],[4,7],[-4,-8],[-5,-9]]
3/7;1/2;[[0,0],[2,0],[3,4],[1,-2],[-2,-5],[-2,-3],[-3,-5]]
2/5;3/7;[[0,0],[1,0],[2,5],[1,5],[-3,-17]]
1/2;1/2;[[0,0],[1,0],[1,2],[0,5],[-2,2],[-3,5],[-3,4]]
2/3;2/3;[[0,0],[1,0],[0,2],[-6,2],[-6,1],[-4,3],[-3,3]]
2/5;2/5;[[0,0],[1,0],[0,2],[-5,3],[-3,5],[-2,5]]
15/26;1;[[0,0],[13,0],[0,1],[5,-1],[-1,1]]
1/3;1/2;[[0,0],[1,0],[5,9],[5,11],[1,3],[4,10]]
9/23;1/2;[[0,0],[2,0],[1,3],[3,-4],[-1,6],[-1,8]]
4/9;1/2;[[0,0],[1,0],[0,1],[4,2],[1,2],[5,5],[8,5]]
1/3;1/2;[[0,0],[1,0],[2,6],[0,5],[-1,1],[-2,3]]
1/2;2/3;[[0,0],[1,0],[1,4],[3,1],[3,7],[2,7]]
2/3;2/3;[[0,0],[1,0],[1,2],[0,-7],[-2,-7],[-2,-5]]
2/5;3/7;[[0,0],[1,0],[4,13],[3,6],[5,16],[2,2]]
15/44;1/2;[[0,0],[1,0],[3,11],[4,13],[4,10]]
1/2;1/2;[[0,0],[1,0],[0,2],[-5,8],[-5,10],[-6,10],[2,-3]]
2/5;1/2;[[0,0],[1,0],[5,12],[-1,-3],[3,5],[4,11],[5,13]]
5/26;2/5;[[0,0],[1,0],[5,13],[3,3]]
2/5;1/2;[[0,0],[1,0],[1,5],[3,2],[5,5]]
18/77;1/2;[[0,0],[1,0],[8,11],[7,11],[-3,-5]]
1;1;[[0,0],[3,0],[0,1],[-9,1],[-12,2],[-6,2]]
9/23;2/3;[[0,0],[3,0],[1,7],[3,-2]]
1/2;1/2;[[0,0],[1,0],[0,1],[4,6],[4,4],[1,4],[2,6]]
2/3;2/3;[[0,0],[3,0],[0,1],[3,3],[2,-5]]
2/3;2/3;[[0,0],[3,0],[0,1],[3,3],[1,-5]]
2/3;2/3;[[0,0],[1,0],[3,9],[0,-1],[2,9],[3,5]]
4/9;1/2;[[0,0],[1,0],[0,3],[-3,4],[-3,1],[-2,5],[-1,5]]
2/5;1/2;[[0,0],[1,0],[1,2],[6,4],[6,1]]
6/17;1/2;[[0,0],[1,0],[5,13],[3,5],[7,17]]
2/3;2/3;[[0,0],[1,0],[3,11],[0,-1],[2,11],[3,9]]
4/9;2/3;[[0,0],[1,0],[1,7],[0,6],[2,6],[2,7],[-1,4]]
4/9;2/3;[[0,0],[1,0],[1,7],[0,6],[2,6],[2,7],[-1,3]]
4/9;2/3;[[0,0],[1,0],[3,9],[2,8],[1,6],[3,5]]
2;2;[[0,0],[6,0],[0,1],[-21,1]]
3/5;1;[[0,0],[1,0],[1,10],[2,13],[2,6]]
2/3;2/3;[[0,0],[3,0],[2,3],[6,3],[6,1]]
19/78;2/5;[[0,0],[1,0],[5,13],[6,13],[0,-1]]
5/18;3/7;[[0,0],[1,0],[2,9],[5,18]]
3/7;1/2;[[0,0],[5,0],[0,1],[5,-1],[1,-1],[4,-2],[4,1],[1,2],[2,2]]
1/2;1/2;[[0,0],[1,0],[10,11],[-5,-7],[13,15],[-4,-6],[14,16]]
2/7;1/2;[[0,0],[1,0],[2,11],[3,12],[4,19]]
2/3;2/3;[[0,0],[1,0],[7,8],[2,1],[6,6],[1,2],[5,7],[7,9]]
1/2;1/2;[[0,0],[1,0],[5,8],[6,9],[6,7],[3,2],[5,5]]
4/9;1/2;[[0,0],[1,0],[3,9],[4,10],[2,7],[-1,-4],[3,6],[-1,-5]]
1;1;[[0,0],[3,0],[0,1],[-8,1],[-12,2],[-4,2]]
3/7;2/3;[[0,0],[1,0],[1,7],[0,6],[2,7],[-1,3],[-1,4]]
2/3;2/3;[[0,0],[1,0],[0,1],[-12,3],[-12,2],[-14,3]]
1/2;1/2;[[0,0],[1,0],[5,8],[2,1],[0,1],[3,6],[5,6]]
8/27;1/2;[[0,0],[1,0],[7,15],[4,6],[2,1]]
29/143;2/5;[[0,0],[1,0],[5,11],[-1,1]]
2/5;1/2;[[0,0],[1,0],[2,5],[3,11],[2,10],[-1,-7]]
8/25;1/2;[[0,0],[1,0],[15,19],[-5,-8]]
3/10;2/5;[[0,0],[1,0],[3,4],[14,17],[-3,-5]]
2/3;2/3;[[0,0],[1,0],[0,1],[8,-8],[4,-6],[3,-5]]
2/3;2/3;[[0,0],[1,0],[0,1],[2,1],[2,4],[8,10]]
1;1;[[0,0],[2,0],[1,5],[1,-4],[0,3],[2,6]]
3/7;2/3;[[0,0],[1,0],[7,8],[7,7],[5,7],[3,5]]
5/12;2/3;[[0,0],[1,0],[0,8],[-1,9],[2,1],[2,2]]
4/9;1/2;[[0,0],[1,0],[2,3],[-2,1],[0,5],[2,5]]
8/23;1/2;[[0,0],[2,0],[2,5],[-1,-3],[3,4],[0,-4]]
11/28;1/2;[[0,0],[1,0],[1,4],[4,13],[5,14],[5,15]]
3/7;1/2;[[0,0],[5,0],[1,2],[-1,1],[4,-2],[6,-1],[5,-2]]
2/3;2/3;[[0,0],[1,0],[1,2],[3,3],[10,3]]
2/3;2/3;[[0,0],[1,0],[2,3],[5,3],[3,4],[9,7]]
1;1;[[0,0],[1,0],[0,1],[-11,1],[-12,2],[-8,2]]
14/25;1;[[0,0],[1,0],[12,23],[-1,-4]]
11/28;1/2;[[0,0],[1,0],[7,10],[2,1],[7,8],[6,6]]
4/9;1/2;[[0,0],[2,0],[3,4],[1,3],[0,-3],[2,5],[3,2],[-1,-4]]
4/13;3/7;[[0,0],[1,0],[6,8],[4,7],[7,11],[9,13]]
3/10;3/7;[[0,0],[1,0],[8,13],[-2,-5],[13,21]]
9/25;3/7;[[0,0],[2,0],[0,4],[-2,3],[3,-4],[4,-5]]
1;1;[[0,0],[5,0],[1,2],[8,2],[8,1]]
5/24;1/2;[[0,0],[1,0],[5,12],[6,13],[5,9]]
2/3;2/3;[[0,0],[1,0],[2,3],[4,2],[6,6],[6,4],[5,6]]
1;1;[[0,0],[2,0],[0,1],[1,2],[12,2]]
3/7;1/2;[[0,0],[1,0],[4,7],[8,12],[2,4],[-2,-5]]
6/17;1/2;[[0,0],[1,0],[5,11],[4,11],[4,8],[6,15]]
14/33;2/3;[[0,0],[1,0],[3,12],[2,11],[3,9]]
1/2;1/2;[[0,0],[1,0],[0,1],[4,8],[2,6],[4,6],[3,3]]
1/2;2/3;[[0,0],[2,0],[1,2],[1,-5],[-1,-3],[2,-5]]
8/19;1/2;[[0,0],[1,0],[5,7],[4,4],[14,19]]
17/55;1/2;[[0,0],[1,0],[5,11],[5,7]]
3/8;1/2;[[0,0],[1,0],[2,6],[4,7],[1,5],[4,5]]
2/3;2/3;[[0,0],[2,0],[0,1],[-7,3],[-11,3],[-5,1],[-9,2]]
2/5;1/2;[[0,0],[5,0],[0,1],[-5,1],[-9,2],[12,-2],[11,-2]]
3/7;2/3;[[0,0],[1,0],[2,3],[6,4],[7,7],[7,5]]
2/3;2/3;[[0,0],[1,0],[5,9],[-2,-5],[3,4],[5,10],[3,7],[4,9]]
1;1;[[0,0],[2,0],[1,2],[-7,2],[-7,1]]
2/3;2/3;[[0,0],[2,0],[1,2],[4,3],[5,1],[7,2],[8,3]]
2/3;2/3;[[0,0],[2,0],[0,3],[-7,3]]
1/2;1/2;[[0,0],[1,0],[1,2],[4,1],[7,5],[8,5]]
3/7;3/7;[[0,0],[3,0],[0,1],[4,-2],[12,-4],[13,-4]]
4/9;2/3;[[0,0],[1,0],[0,7],[2,5],[-1,4],[-1,5]]
2/3;2/3;[[0,0],[1,0],[0,6],[-1,4],[1,6],[-1,5],[2,3],[2,5]]
1/3;1/2;[[0,0],[1,0],[0,6],[-2,3],[-3,6]]
2/3;2/3;[[0,0],[1,0],[1,2],[2,3],[7,2],[9,3]]
1;1;[[0,0],[1,0],[0,1],[5,2],[15,2]]
2/5;3/7;[[0,0],[4,0],[1,2],[0,-1],[5,-1],[1,-3]]
2/5;1/2;[[0,0],[1,0],[2,3],[5,5],[10,13],[11,14]]
1/3;1/2;[[0,0],[1,0],[5,8],[-1,-3],[5,7],[4,8],[2,5]]
2/3;2/3;[[0,0],[1,0],[2,3],[6,8],[3,2],[7,9],[7,7]]
3/7;1/2;[[0,0],[1,0],[0,1],[-7,4],[-10,6],[-8,6],[-4,4]]
2/3;2/3;[[0,0],[1,0],[0,1],[-6,1],[-9,2],[-10,3],[-3,2],[-8,3]]
3/7;1/2;[[0,0],[1,0],[1,2],[5,6],[4,6],[4,2],[5,3]]
3/7;1/2;[[0,0],[1,0],[0,3],[-3,2],[-4,5],[-5,5],[-5,4]]
8/25;3/7;[[0,0],[1,0],[8,9],[11,13],[-8,-11],[-7,-10]]
8/25;1/2;[[0,0],[1,0],[7,9],[3,5],[5,5],[6,9]]
1/2;1/2;[[0,0],[1,0],[0,4],[2,3],[-2,4],[-3,2]]
3/8;3/7;[[0,0],[1,0],[0,1],[-16,10],[-15,10],[-17,11]]
1/2;1/2;[[0,0],[1,0],[2,3],[5,1],[3,4],[5,5]]
7/15;2/3;[[0,0],[1,0],[1,5],[2,8],[2,2],[3,5],[3,10]]
1/2;1/2;[[0,0],[1,0],[0,1],[-6,2],[-6,4],[-10,4]]
14/33;2/3;[[0,0],[1,0],[2,9],[-1,-11],[1,7],[2,7]]
9/40;1/2;[[0,0],[1,0],[4,10],[3,10],[-2,-7]]
7/15;2/3;[[0,0],[1,0],[1,5],[2,1],[3,9],[3,4]]
4/9;2/3;[[0,0],[1,0],[8,9],[-8,-10],[-4,-6],[-6,-7]]
6/17;1/2;[[0,0],[1,0],[7,11],[-7,-13],[-8,-15]]
1/2;1/2;[[0,0],[1,0],[0,1],[2,5],[1,4],[4,3],[5,5]]
14/45;1/2;[[0,0],[1,0],[5,10],[4,9],[5,7]]
2/3;2/3;[[0,0],[2,0],[1,2],[7,2],[3,3],[8,3]]
1/3;1/2;[[0,0],[1,0],[8,12],[7,12],[4,5],[9,14]]
2/3;2/3;[[0,0],[1,0],[2,3],[-1,2],[0,5],[-1,3],[2,7]]
5/14;1/2;[[0,0],[1,0],[6,7],[-8,-11],[-7,-9],[-6,-9]]
2/3;2/3;[[0,0],[1,0],[0,1],[-12,10],[-11,9],[-8,8]]
3/8;1/2;[[0,0],[1,0],[5,9],[3,7],[5,7],[4,9]]
3/7;1/2;[[0,0],[1,0],[0,1],[6,3],[6,5],[2,3],[5,5]]
1;1;[[0,0],[1,0],[0,1],[-10,1],[-11,2],[-5,2]]
7/20;1/2;[[0,0],[1,0],[3,8],[4,9],[4,7],[1,5]]
2/5;1/2;[[0,0],[1,0],[13,17],[3,2]]
4/9;1/2;[[0,0],[1,0],[0,1],[6,4],[5,5],[7,5],[1,3]]
5/12;2/3;[[0,0],[1,0],[0,8],[-1,3],[-2,8],[-2,7]]
2/5;1/2;[[0,0],[1,0],[3,5],[5,5],[0,3],[-1,2]]
26/119;1/2;[[0,0],[1,0],[4,13],[-3,-14]]
4/9;2/3;[[0,0],[1,0],[11,12],[-9,-11],[-5,-7]]
4/9;1/2;[[0,0],[1,0],[0,3],[-2,4],[-2,8],[-4,9],[-4,10]]
1/2;1/2;[[0,0],[2,0],[4,5],[-2,-5],[-1,-4],[5,6],[4,3]]
10/17;1;[[0,0],[1,0],[2,17],[2,7]]
14/75;2/3;[[0,0],[9,0],[0,1],[25,-2]]
5/8;1;[[0,0],[1,0],[2,5],[2,16]]
1/3;1/2;[[0,0],[4,0],[2,3],[4,-3],[3,3]]
2/5;3/7;[[0,0],[1,0],[7,9],[5,5],[-9,-12]]
1/2;1/2;[[0,0],[1,0],[1,4],[-2,-9],[3,9],[-1,-8]]
17/52;1/2;[[0,0],[1,0],[3,13],[4,13],[0,-1]]
2/3;2/3;[[0,0],[2,0],[1,2],[-4,3],[-4,1],[0,3]]
4/9;2/3;[[0,0],[1,0],[0,1],[-14,2],[-16,3]]
4/9;2/3;[[0,0],[1,0],[0,7],[1,6],[-1,4],[-1,5],[2,3]]
2/3;2/3;[[0,0],[1,0],[9,11],[11,13],[7,7],[3,2]]
1/2;1/2;[[0,0],[1,0],[0,3],[3,4],[4,4],[-2,2],[-3,1]]
2/5;1/2;[[0,0],[1,0],[2,5],[0,5],[-2,2],[-2,3]]
2/3;2/3;[[0,0],[1,0],[0,2],[3,-5],[-4,7],[-6,12],[-6,11]]
2/3;2/3;[[0,0],[1,0],[4,9],[3,4],[6,11],[6,13]]
1/2;1/2;[[0,0],[1,0],[4,5],[-4,-6],[-5,-7],[9,11],[10,12],[5,5],[8,9]]
5/12;1/2;[[0,0],[2,0],[0,3],[-5,2],[-1,4]]
2/3;2/3;[[0,0],[2,0],[0,2],[5,3],[6,3],[-4,1]]
1/2;1/2;[[0,0],[1,0],[2,8],[5,16],[5,17]]
4/9;2/3;[[0,0],[1,0],[5,11],[3,4],[7,13]]
2/5;1/2;[[0,0],[1,0],[4,5],[7,4],[8,5]]
2/3;2/3;[[0,0],[1,0],[0,1],[3,3],[3,10]]
4/9;2/3;[[0,0],[1,0],[0,6],[-1,4],[-1,10],[-2,10],[-2,13]]
9/23;1/2;[[0,0],[1,0],[3,8],[4,8],[2,1],[4,5]]
3/8;1/2;[[0,0],[1,0],[4,8],[0,1],[1,5],[2,8]]
13/42;1/2;[[0,0],[1,0],[2,7],[3,7],[1,6],[0,4],[-1,1]]
3/7;2/3;[[0,0],[1,0],[3,14],[3,9],[2,3]]
3/7;2/3;[[0,0],[1,0],[2,9],[3,9],[1,7],[3,7]]
1/3;1/2;[[0,0],[1,0],[0,6],[-1,5],[3,3]]
5/13;1/2;[[0,0],[1,0],[2,9],[3,9],[3,8],[-1,-7]]
4/9;2/3;[[0,0],[6,0],[0,1],[-11,2],[8,-1],[-13,2]]
1/4;2/3;[[0,0],[1,0],[2,6],[1,8],[-1,-11]]
7/15;2/3;[[0,0],[1,0],[5,7],[-7,-12],[-10,-16]]
5/13;1/2;[[0,0],[1,0],[8,9],[-3,-4],[8,10],[7,9],[-5,-7]]
23/91;1/2;[[0,0],[1,0],[6,7],[-2,1]]
3/8;1/2;[[0,0],[1,0],[5,8],[4,7],[7,8]]
1/2;2/3;[[0,0],[1,0],[2,5],[-1,1],[2,10]]
2/5;3/7;[[0,0],[1,0],[3,5],[4,4],[4,5],[-1,3]]
2/3;2/3;[[0,0],[3,0],[1,3],[-5,3]]
2/5;3/7;[[0,0],[3,0],[0,1],[3,3],[1,-3],[5,4]]
1/2;1/2;[[0,0],[1,0],[3,5],[2,1],[4,4],[7,11],[8,12]]
2/5;2/3;[[0,0],[1,0],[12,17],[-1,-3],[13,19]]
2/3;2/3;[[0,0],[2,0],[1,4],[1,-2],[2,1],[0,6],[-1,4],[-1,6]]
2/3;2/3;[[0,0],[1,0],[0,6],[-1,4],[2,4],[-1,5],[2,6]]
5/13;1/2;[[0,0],[2,0],[3,4],[-1,-5],[3,2],[2,5]]
9/26;1/2;[[0,0],[1,0],[4,11],[4,8],[3,5],[6,16]]
2/3;2/3;[[0,0],[1,0],[0,3],[-6,3],[-6,2]]
1;1;[[0,0],[2,0],[0,1],[5,2],[14,2]]
2/5;3/7;[[0,0],[2,0],[0,4],[2,-1],[-2,3],[1,4],[-3,2]]
2/5;1/2;[[0,0],[1,0],[4,10],[6,14],[7,15]]
7/15;2/3;[[0,0],[1,0],[5,7],[1,2],[7,7],[4,3]]
1/2;2/3;[[0,0],[1,0],[2,8],[3,4],[3,11]]
1/4;2/3;[[0,0],[6,0],[0,1],[9,2],[4,-1]]
11/28;1/2;[[0,0],[1,0],[9,10],[-11,-14],[6,6],[10,11]]
2/3;2/3;[[0,0],[2,0],[1,2],[-1,-3],[0,-5],[2,-3],[-1,-5]]
7/18;1/2;[[0,0],[2,0],[1,4],[-3,2],[-4,1]]
2/5;1/2;[[0,0],[1,0],[0,5],[-1,4],[3,4],[3,5]]
13/69;2/3;[[0,0],[9,0],[0,1],[23,-2]]
7/15;2/3;[[0,0],[1,0],[5,7],[6,10],[-4,-8],[5,9]]
2/3;2/3;[[0,0],[1,0],[2,9],[-1,-10],[2,8],[0,-7],[-1,-13]]
4/9;1/2;[[0,0],[1,0],[3,7],[3,6],[2,7],[-3,-11]]
2/3;2/3;[[0,0],[1,0],[0,1],[2,13],[3,16],[3,18]]
7/33;2/3;[[0,0],[1,0],[9,11],[9,9]]
9/25;3/7;[[0,0],[5,0],[1,2],[8,-3],[2,2]]
2/3;2/3;[[0,0],[1,0],[0,1],[3,-8],[2,-8],[1,-6],[3,-5]]
1/3;3/7;[[0,0],[1,0],[3,5],[1,4],[4,2],[5,3]]
1/2;1/2;[[0,0],[1,0],[4,11],[2,8],[4,13],[0,1]]
3/8;1/2;[[0,0],[1,0],[8,11],[2,1],[8,9]]
3/8;1/2;[[0,0],[1,0],[4,6],[5,6],[5,5],[2,5],[1,4]]
4/21;2/3;[[0,0],[9,0],[0,1],[21,-2]]
5/14;1/2;[[0,0],[1,0],[4,11],[2,8],[4,13],[1,5]]
4/9;2/3;[[0,0],[1,0],[2,9],[-1,-10],[-1,-14]]
1/2;1/2;[[0,0],[1,0],[3,12],[4,12],[4,15]]
1/2;1/2;[[0,0],[1,0],[1,3],[-1,-5],[4,10],[4,8],[6,14]]
4/11;2/5;[[0,0],[1,0],[4,8],[4,9],[0,3],[-1,1]]
1/3;1/2;[[0,0],[1,0],[3,7],[5,10],[-3,-8],[-2,-7]]
3/8;1/2;[[0,0],[1,0],[0,1],[-7,6],[-7,4],[-3,1]]
7/12;1;[[0,0],[1,0],[20,21],[23,24]]
1/2;1/2;[[0,0],[3,0],[0,1],[-6,1],[-15,4]]
3/10;1/2;[[0,0],[1,0],[0,6],[-2,5],[-3,9]]
3/7;2/3;[[0,0],[1,0],[0,7],[-1,4],[2,4],[2,5]]
5/12;1/2;[[0,0],[3,0],[0,3],[3,2],[-1,3],[2,-3]]
6/17;1/2;[[0,0],[1,0],[3,11],[4,12],[2,3],[4,10]]
7/20;1/2;[[0,0],[1,0],[3,11],[-1,-8],[5,18]]
29/27;2;[[0,0],[1,0],[1,27]]
2/3;2/3;[[0,0],[3,0],[1,3],[4,1],[-1,2],[5,3]]
2/5;1/2;[[0,0],[1,0],[4,5],[-6,-10],[-4,-8],[-10,-17]]
2/3;2/3;[[0,0],[2,0],[1,2],[-1,-4],[0,-6],[2,-2],[-1,-5]]
1/9;1;[[0,0],[1,0],[2,27]]
1/3;1/2;[[0,0],[1,0],[0,6],[-3,6],[-3,5]]
11/31;1/2;[[0,0],[1,0],[3,10],[4,11],[4,12],[2,1]]
5/27;1/2;[[0,0],[1,0],[4,27]]
2/5;3/7;[[0,0],[1,0],[3,5],[4,10],[-3,-9],[-4,-11]]
2/3;2/3;[[0,0],[1,0],[0,2],[-5,10],[5,-9],[-6,11],[-7,13]]
1/9;2/5;[[0,0],[1,0],[5,27]]
27/130;1/2;[[0,0],[1,0],[8,17],[2,1]]
4/9;2/3;[[0,0],[1,0],[0,6],[-1,5],[2,3],[2,6]]
7/20;1/2;[[0,0],[1,0],[3,6],[4,6],[1,5],[4,4]]
2/5;1/2;[[0,0],[1,0],[1,5],[2,7],[2,2],[4,9],[4,8]]
2/5;3/7;[[0,0],[1,0],[0,1],[-8,4],[-11,5],[-5,1]]
7/17;2/3;[[0,0],[2,0],[0,1],[3,8],[1,-4]]
5/27;2/3;[[0,0],[1,0],[13,27]]
2/3;2/3;[[0,0],[3,0],[0,2],[3,3],[1,-3],[2,-3]]
2/3;2/3;[[0,0],[1,0],[0,1],[5,1],[7,2],[1,2],[8,3],[4,3]]
3/7;1/2;[[0,0],[2,0],[0,3],[-1,4],[4,-6],[5,-6]]
11/57;2/3;[[0,0],[9,0],[0,1],[19,-2]]
4/11;1/2;[[0,0],[6,0],[0,1],[-7,2],[15,-2],[16,-2]]
2/5;3/7;[[0,0],[1,0],[0,1],[-4,1],[-7,2],[-10,5]]
17/52;1/2;[[0,0],[3,0],[3,4],[1,-3],[2,-2],[4,3],[4,4]]
14/33;2/3;[[0,0],[1,0],[2,14],[-1,-11],[2,15]]
1/2;1/2;[[0,0],[1,0],[0,1],[-5,1],[-8,4],[-6,4]]
1/2;1/2;[[0,0],[1,0],[0,1],[-12,4],[-12,3],[-14,4]]
4/9;2/3;[[0,0],[1,0],[3,10],[2,9],[3,5]]
10/21;2/3;[[0,0],[1,0],[0,3],[-6,14],[-6,15]]
5/14;1/2;[[0,0],[2,0],[3,5],[-1,-4],[5,6]]
3/7;1/2;[[0,0],[1,0],[1,4],[2,5],[3,1],[4,5],[4,3]]
7/15;2/3;[[0,0],[1,0],[0,1],[8,-8],[2,-3],[6,-8]]
3/7;2/3;[[0,0],[1,0],[10,11],[9,11],[11,13],[7,7]]
14/45;2/5;[[0,0],[1,0],[5,12],[-1,-5],[7,16],[8,19]]
11/27;2/3;[[0,0],[1,0],[10,27]]
7/15;2/3;[[0,0],[1,0],[9,10],[10,11],[4,2]]
2/7;3/7;[[0,0],[1,0],[3,5],[5,12],[-4,-11]]
3/8;1/2;[[0,0],[1,0],[1,3],[5,4],[5,1]]
3/8;2/5;[[0,0],[1,0],[0,2],[-5,2],[-2,5]]
1/2;1/2;[[0,0],[1,0],[0,1],[1,3],[2,4],[7,4]]
2/3;2/3;[[0,0],[1,0],[0,1],[8,-8],[2,-4],[1,-3]]
5/12;2/3;[[0,0],[1,0],[0,8],[-1,6],[-2,13],[-2,14]]
13/22;1;[[0,0],[1,0],[16,17],[21,22]]
1/2;1/2;[[0,0],[1,0],[3,4],[5,3],[-1,2],[6,4]]
4/9;1/2;[[0,0],[1,0],[6,8],[2,3],[5,7],[8,9],[-3,-5]]
3/7;1/2;[[0,0],[1,0],[3,8],[-1,-3],[5,8]]
2/3;2/3;[[0,0],[1,0],[13,15],[15,17],[3,2]]
1;1;[[0,0],[1,0],[0,1],[-8,1],[-12,2],[-2,2]]
1/3;1/2;[[0,0],[1,0],[0,5],[-1,6],[-2,1],[-3,2]]
4/9;1/2;[[0,0],[1,0],[3,9],[3,8],[2,3],[2,9],[-1,-5]]
1;1;[[0,0],[1,0],[1,10],[2,10],[0,-2],[2,5]]
1;1;[[0,0],[2,0],[0,1],[-8,1],[-12,2],[-3,2]]
5/12;1/2;[[0,0],[1,0],[2,5],[3,3],[4,9],[5,9],[5,10]]
4/9;1/2;[[0,0],[1,0],[1,2],[6,4],[7,5],[3,5]]
1/3;1/2;[[0,0],[1,0],[6,7],[6,3]]
4/9;1/2;[[0,0],[1,0],[0,2],[5,1],[2,3],[5,4]]
3/7;2/3;[[0,0],[1,0],[16,18],[19,21]]
1;1;[[0,0],[1,0],[1,11],[2,11],[0,-1],[2,7]]
1;1;[[0,0],[4,0],[0,1],[-8,1],[-13,2],[-6,2]]
5/27;2/5;[[0,0],[1,0],[16,27]]
1/2;1/2;[[0,0],[1,0],[0,1],[2,1],[4,7],[4,4],[1,4]]
1;1;[[0,0],[11,0],[0,1],[6,-1],[-2,1],[3,-1]]
2/9;1/2;[[0,0],[1,0],[3,9],[-1,3]]
3/7;1/2;[[0,0],[1,0],[0,1],[5,5],[5,3],[2,4],[3,5]]
2/9;2/3;[[0,0],[2,0],[0,5],[1,-6],[-1,7]]
1/2;1/2;[[0,0],[1,0],[0,4],[-1,4],[5,-19]]
13/42;1/2;[[0,0],[1,0],[6,7],[-5,-6],[-11,-14],[-9,-11]]
2/5;3/7;[[0,0],[1,0],[4,5],[1,5],[-1,2]]
11/52;2/5;[[0,0],[1,0],[8,13],[8,11]]
1/2;1/2;[[0,0],[1,0],[2,4],[3,1],[-1,1],[4,3],[0,3],[4,4]]
3/7;3/7;[[0,0],[1,0],[9,14],[10,15],[11,17],[2,1]]
2/5;3/7;[[0,0],[4,0],[0,2],[3,1],[5,-2],[-3,2],[-4,3]]
16/39;2/3;[[0,0],[1,0],[7,13],[7,11],[5,7]]
1/2;2/3;[[0,0],[1,0],[0,1],[6,13],[7,14]]
2/3;2/3;[[0,0],[1,0],[0,1],[-12,5],[-12,4],[-14,5]]
1/2;1/2;[[0,0],[1,0],[5,9],[4,5],[2,5],[3,7],[5,7]]
3/7;1/2;[[0,0],[1,0],[0,1],[-6,5],[-16,10]]
2/5;1/2;[[0,0],[1,0],[3,15],[5,24]]
2/3;2/3;[[0,0],[1,0],[0,3],[4,2],[-3,2],[4,3]]
5/12;1/2;[[0,0],[3,0],[0,3],[3,2],[-1,2],[2,-3]]
2/3;2/3;[[0,0],[1,0],[0,1],[10,2],[9,3],[13,3]]
5/12;1/2;[[0,0],[1,0],[0,3],[-5,1],[-2,4]]
1/2;1/2;[[0,0],[1,0],[1,2],[5,1],[7,4],[8,4]]
4/11;1/2;[[0,0],[1,0],[0,1],[6,7],[2,5],[1,4]]
1/2;1/2;[[0,0],[1,0],[0,2],[4,3],[4,1],[2,5]]
1/2;1/2;[[0,0],[1,0],[2,5],[-3,-10],[-1,-6],[-3,-8],[-4,-11]]
1/2;1/2;[[0,0],[1,0],[0,2],[-3,1],[-5,4],[-5,3],[-2,4]]
2/3;2/3;[[0,0],[1,0],[11,13],[12,14],[2,1],[8,8]]
6/17;1/2;[[0,0],[1,0],[6,13],[-4,-11],[-1,-5]]
2/5;1/2;[[0,0],[3,0],[0,4],[2,-3],[1,-2],[-1,4],[-1,5]]
1;1;[[0,0],[2,0],[0,1],[-10,1],[-12,2],[-7,2]]
8/25;3/7;[[0,0],[1,0],[5,7],[0,2],[1,5]]
6/17;1/2;[[0,0],[1,0],[8,9],[-10,-13],[5,5],[-8,-11]]
2/5;3/7;[[0,0],[1,0],[0,3],[-2,2],[-4,8],[-4,9]]
9/26;1/2;[[0,0],[1,0],[20,23],[2,1]]
3/7;2/3;[[0,0],[1,0],[1,7],[2,7],[0,-6],[-1,-9],[-1,-10]]
6/13;2/3;[[0,0],[1,0],[2,9],[-1,-9],[2,5],[1,7]]
2/5;3/7;[[0,0],[1,0],[1,3],[5,5],[5,2]]
7/15;2/3;[[0,0],[1,0],[3,4],[7,9],[9,10],[12,14]]
2/3;2/3;[[0,0],[1,0],[3,9],[5,12],[5,14],[6,16]]
9/25;3/7;[[0,0],[1,0],[9,11],[-7,-10],[10,12],[8,9]]
2/3;2/3;[[0,0],[3,0],[0,3],[-2,3],[6,1]]
2/5;1/2;[[0,0],[2,0],[2,5],[3,5],[0,4],[-1,3]]
1;1;[[0,0],[1,0],[3,6],[4,6],[-7,-15]]
2/5;1/2;[[0,0],[1,0],[0,4],[-3,8],[-2,3],[-1,6],[-3,6]]
2/5;3/7;[[0,0],[1,0],[2,5],[0,4],[3,5],[-1,3],[-2,1]]
1/2;1/2;[[0,0],[1,0],[0,2],[-4,1],[-5,2],[-5,4],[-4,4]]
15/26;1;[[0,0],[13,0],[0,1],[12,-1],[-1,1]]
1;1;[[0,0],[1,0],[1,2],[8,2],[-5,1]]
2/3;2/3;[[0,0],[1,0],[2,3],[6,3],[-2,1],[-2,2]]
7/15;2/3;[[0,0],[1,0],[2,3],[5,3],[7,7],[5,6]]
2/5;3/7;[[0,0],[3,0],[0,1],[8,-2],[4,-2],[1,-1],[12,-4]]
1;1;[[0,0],[10,0],[0,1],[9,-1],[-3,1],[5,-1]]
2/3;2/3;[[0,0],[2,0],[1,5],[1,-2],[0,2],[3,3],[2,5],[3,4]]
1/2;1/2;[[0,0],[1,0],[7,10],[-1,-2],[7,9],[5,8],[6,7]]
7/15;2/3;[[0,0],[1,0],[0,1],[8,1],[10,2],[5,2],[11,3]]
11/28;1/2;[[0,0],[1,0],[0,1],[4,7],[2,7],[1,6]]
2/3;2/3;[[0,0],[1,0],[1,2],[6,1],[5,3],[8,3]]
1/2;1/2;[[0,0],[1,0],[0,1],[5,4],[8,4],[7,3],[4,1]]
2/5;3/7;[[0,0],[1,0],[2,5],[0,4],[4,5],[-1,3]]
2/7;1/2;[[0,0],[1,0],[6,11],[3,3],[6,8]]
7/20;1/2;[[0,0],[1,0],[3,10],[4,10],[3,5],[4,8]]
2/3;2/3;[[0,0],[1,0],[7,9],[5,7],[3,2],[7,7]]
20/99;3/7;[[0,0],[1,0],[4,11],[3,11],[-1,-5]]
2/3;2/3;[[0,0],[1,0],[7,9],[9,11],[3,2],[7,7]]
2/3;2/3;[[0,0],[1,0],[0,1],[1,-7],[2,-2],[3,-7],[3,-5]]
3/10;3/7;[[0,0],[1,0],[1,4],[5,15],[-1,-7]]
4/9;1/2;[[0,0],[1,0],[3,7],[-3,-10],[-3,-9],[-2,-5],[-1,-6]]
1/2;1/2;[[0,0],[2,0],[2,3],[5,5],[4,5],[4,1],[5,2]]
3/7;2/3;[[0,0],[1,0],[2,8],[0,6],[-1,2],[-1,3]]
1/2;1/2;[[0,0],[4,0],[1,2],[3,1],[4,-1],[0,-2],[2,-3]]
2/5;3/7;[[0,0],[1,0],[2,5],[4,5],[-1,1],[0,4]]
7/12;1;[[0,0],[12,0],[0,1],[9,-1],[6,-1]]
1/3;1/2;[[0,0],[1,0],[11,14],[12,15],[6,6]]
7/15;2/3;[[0,0],[1,0],[2,6],[-1,3],[2,9]]
1/2;1/2;[[0,0],[1,0],[2,4],[4,1],[4,7]]
5/12;2/3;[[0,0],[1,0],[0,8],[-1,8],[2,1],[2,2]]
1/2;1/2;[[0,0],[1,0],[0,1],[-8,4],[-7,3],[-5,4],[-4,1]]
7/20;2/5;[[0,0],[1,0],[3,5],[-2,1],[-3,2]]
1/2;1/2;[[0,0],[2,0],[3,5],[0,-1],[1,4],[4,4],[4,3]]
3/7;1/2;[[0,0],[1,0],[0,5],[2,3],[-2,3],[-2,5]]
2/3;2/3;[[0,0],[1,0],[0,2],[-5,1],[-6,3],[-6,2],[-3,3]]
4/11;1/2;[[0,0],[1,0],[15,17],[-5,-7],[16,18]]
1;1;[[0,0],[11,0],[0,1],[8,-1],[-1,1],[4,-1]]
5/14;1/2;[[0,0],[1,0],[7,11],[8,11],[3,3],[10,15]]
6/23;3/7;[[0,0],[1,0],[5,17],[-2,-8],[-2,-7]]
8/27;1/2;[[0,0],[1,0],[7,8],[7,9],[5,4],[3,1]]
2/5;1/2;[[0,0],[1,0],[1,2],[-2,-5],[11,18]]
7/15;2/3;[[0,0],[1,0],[1,5],[3,7],[3,1]]
1/2;1/2;[[0,0],[1,0],[4,8],[3,2],[6,11]]
4/11;1/2;[[0,0],[1,0],[3,10],[4,10],[0,-3],[-1,-4],[-1,-5]]
1/3;1/2;[[0,0],[1,0],[1,5],[-1,7],[3,1]]
13/22;1;[[0,0],[11,0],[0,1],[9,-1],[4,-1]]
1/2;1/2;[[0,0],[2,0],[0,4],[-1,2],[-2,5],[3,-5]]
4/11;1/2;[[0,0],[1,0],[3,9],[1,6],[-1,1],[-1,2]]
2/3;2/3;[[0,0],[1,0],[13,15],[14,16],[8,8],[2,1]]
2/5;1/2;[[0,0],[1,0],[0,4],[-3,2],[-3,1],[-1,6]]
2/7;2/3;[[0,0],[1,0],[0,7],[-1,7],[2,-13]]
1/2;1/2;[[0,0],[2,0],[5,6],[-2,-5],[-1,-4],[5,5],[6,7]]
2/5;3/7;[[0,0],[1,0],[5,11],[2,6],[5,13],[0,1]]
2/5;1/2;[[0,0],[1,0],[0,5],[-1,2],[-3,10],[-3,11]]
7/20;1/2;[[0,0],[1,0],[4,11],[3,10],[4,8]]
4/9;1/2;[[0,0],[1,0],[0,1],[-4,4],[-6,3],[-10,6]]
1/3;1/2;[[0,0],[1,0],[2,4],[3,11],[-3,-13]]
1/4;2/5;[[0,0],[1,0],[13,21],[3,3]]
1/2;1/2;[[0,0],[1,0],[0,1],[2,3],[9,6],[10,7]]
1/3;1/2;[[0,0],[1,0],[1,3],[5,8],[5,5]]
9/25;3/7;[[0,0],[1,0],[3,5],[0,4],[-2,1],[-2,2]]
2/3;2/3;[[0,0],[1,0],[0,1],[-6,1],[-8,3],[-4,3]]
1/2;1/2;[[0,0],[1,0],[0,1],[3,6],[4,7],[4,4],[3,1]]
13/42;1/2;[[0,0],[1,0],[5,19],[-1,-8]]
2/5;1/2;[[0,0],[1,0],[3,8],[5,10],[4,10],[4,7],[-1,-3]]
1/2;1/2;[[0,0],[1,0],[0,1],[5,1],[8,4],[6,4]]
3/7;2/3;[[0,0],[1,0],[2,10],[3,11],[3,9],[1,7]]
1;1;[[0,0],[10,0],[0,1],[9,-1],[-1,1],[3,-1]]
2/3;2/3;[[0,0],[1,0],[0,4],[3,12],[3,13]]
1/2;1/2;[[0,0],[1,0],[3,5],[5,6],[4,6],[3,1],[5,4],[4,2]]
1;1;[[0,0],[1,0],[12,13],[3,2],[17,18]]
1/2;1/2;[[0,0],[1,0],[4,8],[-1,-3],[3,8],[2,2],[5,12],[5,13]]
7/15;2/3;[[0,0],[2,0],[0,2],[-5,5],[5,-4],[-6,5]]
1/2;1/2;[[0,0],[1,0],[7,11],[9,14],[3,2]]
1/2;1/2;[[0,0],[1,0],[1,4],[3,1],[6,4]]
11/18;1;[[0,0],[1,0],[8,9],[17,18]]
3/7;2/3;[[0,0],[1,0],[2,11],[-1,-14],[2,9]]
1/2;1/2;[[0,0],[2,0],[0,3],[-2,4],[-1,4],[-3,1],[-4,2]]
13/22;1;[[0,0],[1,0],[1,11],[2,11],[2,6]]
4/9;2/3;[[0,0],[1,0],[5,6],[6,6],[3,5],[-1,1]]
4/9;1/2;[[0,0],[1,0],[0,3],[3,3],[-4,1],[3,4]]
5/11;2/3;[[0,0],[1,0],[3,11],[3,3]]
11/28;1/2;[[0,0],[1,0],[0,1],[2,-7],[4,-7],[1,-6]]
7/12;1;[[0,0],[12,0],[0,1],[8,-1],[5,-1]]
4/9;2/3;[[0,0],[1,0],[2,6],[0,6],[-1,1],[-1,4]]
1/2;1/2;[[0,0],[1,0],[0,1],[-4,1],[-7,3],[-3,3],[-7,4],[-5,4]]
7/20;1/2;[[0,0],[1,0],[7,11],[-8,-15],[6,9]]
1/2;1/2;[[0,0],[1,0],[0,1],[-3,3],[-5,4],[-8,4],[-6,2]]
4/9;1/2;[[0,0],[1,0],[0,2],[-5,5],[-4,3],[-5,4],[-2,5]]
7/20;1/2;[[0,0],[1,0],[8,9],[-8,-10],[10,12],[9,11]]
2/3;2/3;[[0,0],[1,0],[2,5],[0,6],[2,6],[-1,3],[-1,5]]
1;1;[[0,0],[1,0],[1,12],[2,12],[0,-1],[2,10]]
4/9;2/3;[[0,0],[1,0],[1,7],[0,6],[2,5],[2,6],[-1,3]]
1/2;1/2;[[0,0],[2,0],[1,2],[-1,2],[3,-5],[-2,6],[-2,5]]
20/77;1/2;[[0,0],[1,0],[4,5],[5,9],[-6,-11]]
5/12;1/2;[[0,0],[1,0],[1,3],[3,6],[3,2],[5,6],[5,5]]
9/23;1/2;[[0,0],[1,0],[3,13],[-1,-10],[-1,-12]]
1/2;1/2;[[0,0],[4,0],[0,1],[-7,2],[14,-3],[-4,1],[13,-3]]
5/12;1/2;[[0,0],[1,0],[4,9],[4,3]]
7/17;2/3;[[0,0],[1,0],[5,14],[-2,-9],[5,13]]
1/5;1/2;[[0,0],[1,0],[5,11],[-5,-16]]
5/12;2/3;[[0,0],[1,0],[8,11],[-8,-13],[7,9]]
3/7;1/2;[[0,0],[1,0],[0,2],[-2,5],[-2,1],[-4,6],[-4,4],[-3,6]]
7/15;2/3;[[0,0],[1,0],[1,8],[2,9],[2,8],[0,-5],[-1,-9]]
9/22;2/3;[[0,0],[1,0],[8,15],[4,5],[2,1]]
3/7;1/2;[[0,0],[1,0],[4,5],[4,7],[1,4],[-1,1]]
1/2;1/2;[[0,0],[2,0],[1,3],[-1,4],[0,4],[-3,2],[-3,1]]
8/23;3/7;[[0,0],[1,0],[11,15],[5,5],[3,2]]
1;1;[[0,0],[2,0],[1,2],[-6,1],[-9,2]]
1/2;1/2;[[0,0],[1,0],[0,1],[-4,1],[-7,3],[-8,4],[-3,3],[-6,4]]
1/2;1/2;[[0,0],[1,0],[2,3],[3,9],[-3,-11],[2,7],[3,10]]
1/2;1/2;[[0,0],[2,0],[3,4],[-1,-5],[-2,-5],[0,-4],[-2,-4]]
29/133;3/7;[[0,0],[1,0],[4,11],[5,16],[-1,-7]]
1/3;3/7;[[0,0],[1,0],[1,3],[5,9],[5,6]]
2/3;2/3;[[0,0],[2,0],[0,3],[1,3],[-4,2],[-5,1]]
1/3;1/2;[[0,0],[1,0],[5,6],[-5,-7],[6,6],[11,13],[9,10]]
2/3;2/3;[[0,0],[1,0],[3,6],[3,3],[0,3],[1,6]]
1/2;1/2;[[0,0],[3,0],[0,2],[3,-3],[6,-3],[1,-2]]
1/2;1/2;[[0,0],[1,0],[5,6],[-10,-13],[5,5],[4,5],[-11,-14]]
1/2;1/2;[[0,0],[1,0],[1,4],[3,3],[2,4],[-3,2]]
10/21;2/3;[[0,0],[1,0],[4,9],[10,21]]
11/28;1/2;[[0,0],[1,0],[2,5],[5,7],[-1,2]]
1/2;1/2;[[0,0],[2,0],[0,1],[11,3],[12,4],[13,4]]
5/12;1/2;[[0,0],[1,0],[4,7],[9,12]]
7/15;2/3;[[0,0],[1,0],[2,4],[0,5],[1,7],[-1,2],[2,7]]
1/2;1/2;[[0,0],[1,0],[0,4],[-2,4],[-3,7],[-3,10]]
15/26;1;[[0,0],[13,0],[0,1],[3,-1],[-1,1]]
4/11;1/2;[[0,0],[3,0],[1,2],[-1,-3],[3,1],[1,-4]]
1/3;1/2;[[0,0],[6,0],[2,3],[6,-1],[3,3]]
1/2;1/2;[[0,0],[1,0],[0,1],[6,-7],[2,-5],[1,-4]]
2/3;2/3;[[0,0],[1,0],[0,1],[-5,1],[-10,3],[-5,3],[-8,2]]
4/9;1/2;[[0,0],[2,0],[0,2],[2,-5],[1,-4],[4,-3]]
2/3;2/3;[[0,0],[1,0],[7,8],[5,7],[-1,-2],[6,6],[3,5]]
1/2;1/2;[[0,0],[1,0],[0,1],[-20,6],[-21,6]]
1/4;2/3;[[0,0],[1,0],[2,7],[1,8],[-1,-11]]
7/20;1/2;[[0,0],[1,0],[3,10],[4,10],[4,12],[1,5]]
1/2;1/2;[[0,0],[1,0],[5,8],[7,10],[2,1],[7,9],[6,7]]
13/22;1;[[0,0],[11,0],[0,1],[8,-1],[3,-1]]
7/20;1/2;[[0,0],[1,0],[3,10],[4,10],[4,12],[3,5]]
1;1;[[0,0],[3,0],[0,2],[-6,1],[-9,2]]
3/8;1/2;[[0,0],[1,0],[3,5],[5,6],[3,1],[5,3]]
8/35;3/7;[[0,0],[1,0],[1,5],[4,13],[-1,-7]]
12/35;3/7;[[0,0],[1,0],[7,11],[7,9],[2,1],[4,4]]
3/7;2/3;[[0,0],[7,0],[0,1],[5,-2],[2,-2]]
10/21;2/3;[[0,0],[1,0],[5,7],[8,14],[11,19]]
7/20;3/7;[[0,0],[1,0],[1,5],[4,8],[-1,2]]
1;1;[[0,0],[3,0],[0,1],[-8,1],[-13,2],[-5,2]]
1/2;1/2;[[0,0],[1,0],[1,4],[3,9],[2,7],[3,6],[-1,-5],[4,10]]
2/3;2/3;[[0,0],[1,0],[0,3],[-3,10],[4,-10],[1,-3],[4,-11]]
1/2;1/2;[[0,0],[1,0],[1,2],[5,2],[4,4],[2,3],[8,4]]
2/3;2/3;[[0,0],[3,0],[1,2],[2,3],[5,1],[7,3]]
2/3;2/3;[[0,0],[2,0],[0,1],[5,1],[1,2],[7,2],[7,3],[4,3]]
5/12;2/3;[[0,0],[1,0],[10,11],[3,1],[4,2]]
7/25;3/7;[[0,0],[5,0],[0,2],[4,-3],[-1,2]]
1/2;1/2;[[0,0],[1,0],[4,7],[0,1],[4,5],[3,7],[1,4],[2,6]]
4/9;1/2;[[0,0],[1,0],[8,11],[4,4],[-4,-6],[9,13]]
17/84;2/3;[[0,0],[1,0],[2,11],[-1,-16]]
4/9;1/2;[[0,0],[1,0],[2,6],[4,6],[4,3]]
3/5;1;[[0,0],[10,0],[0,1],[9,-1],[2,-1]]
2/5;3/7;[[0,0],[1,0],[1,3],[3,1],[2,5],[5,5]]
2/3;2/3;[[0,0],[1,0],[2,5],[2,6],[0,6],[-1,2],[-1,4]]
7/15;2/3;[[0,0],[1,0],[0,8],[-1,9],[-1,10],[2,2]]
2/5;1/2;[[0,0],[1,0],[8,13],[6,8],[3,3],[10,16]]
2/5;2/3;[[0,0],[3,0],[2,7],[3,-2]]
1;1;[[0,0],[2,0],[1,6],[1,-5],[0,2],[2,3]]
1/2;1/2;[[0,0],[2,0],[2,4],[4,5],[4,4],[0,-3],[-1,-4]]
4/9;1/2;[[0,0],[1,0],[0,3],[-1,1],[-2,8],[-3,6],[-3,9]]
2/3;2/3;[[0,0],[1,0],[3,6],[3,8],[0,5]]
38/175;1/2;[[0,0],[1,0],[12,13],[-11,-14]]
11/52;2/3;[[0,0],[1,0],[11,12],[-9,-11],[8,8]]
7/15;2/3;[[0,0],[1,0],[1,5],[3,5],[3,11]]
6/17;1/2;[[0,0],[1,0],[7,11],[-7,-13],[6,9],[-5,-10]]
13/22;1;[[0,0],[11,0],[0,1],[7,-1],[2,-1]]
2/5;3/7;[[0,0],[1,0],[6,8],[6,7],[-6,-9],[-7,-10],[5,7]]
2/5;1/2;[[0,0],[1,0],[5,9],[3,2],[5,5]]
1/2;1/2;[[0,0],[1,0],[0,1],[4,-6],[1,-4],[4,-4],[2,-6]]
4/11;1/2;[[0,0],[1,0],[7,11],[6,8],[-1,-3],[4,7],[7,10]]
3/8;1/2;[[0,0],[1,0],[0,1],[4,-8],[1,-5],[2,-8]]
11/35;1/2;[[0,0],[1,0],[5,10],[3,7],[5,8],[4,5]]
2/3;2/3;[[0,0],[1,0],[5,6],[7,7],[6,7],[3,1],[5,3]]
2/3;2/3;[[0,0],[2,0],[0,3],[1,3],[-6,1]]
1/2;1/2;[[0,0],[3,0],[0,1],[-18,4],[-15,3]]
3/8;1/2;[[0,0],[1,0],[2,4],[1,5],[-1,4],[-2,1],[-2,2]]
1;1;[[0,0],[1,0],[0,1],[-9,1],[-10,2],[-2,2]]
1/2;1/2;[[0,0],[1,0],[0,1],[2,1],[5,5],[1,5]]
1/2;1/2;[[0,0],[2,0],[3,5],[4,5],[2,4],[-1,-3],[4,3]]
2/3;2/3;[[0,0],[2,0],[1,2],[-1,3],[-3,1],[-5,3],[-5,2]]
4/9;2/3;[[0,0],[1,0],[2,12],[3,12],[3,15]]
3/8;1/2;[[0,0],[1,0],[3,7],[5,9],[3,3],[5,7]]
1/3;1/2;[[0,0],[1,0],[10,13],[-5,-8],[9,11],[11,14]]
1;1;[[0,0],[1,0],[16,17],[2,1],[20,21]]
17/39;2/3;[[0,0],[1,0],[3,13],[3,8],[2,2]]
3/7;3/7;[[0,0],[1,0],[1,3],[6,4],[-1,2],[7,5]]
9/23;1/2;[[0,0],[2,0],[7,8],[-1,-4],[8,9]]
1/2;1/2;[[0,0],[1,0],[6,7],[-6,-8],[-8,-12]]
2;2;[[0,0],[12,0],[0,1],[-15,1]]
4/9;1/2;[[0,0],[1,0],[0,1],[13,4],[14,5]]
16/55;3/7;[[0,0],[1,0],[3,11],[3,7],[5,15]]
11/35;3/7;[[0,0],[1,0],[3,11],[3,7],[5,17]]
2/5;1/2;[[0,0],[1,0],[4,5],[7,5],[1,3]]
2/3;2/3;[[0,0],[1,0],[7,9],[2,1],[9,10],[6,6],[10,12]]
1/2;1/2;[[0,0],[1,0],[1,2],[6,4],[4,1],[4,4],[6,2]]
11/18;1;[[0,0],[1,0],[1,9],[2,11],[2,2]]
5/12;1/2;[[0,0],[1,0],[8,9],[-8,-10],[-9,-11],[10,12]]
1/2;1/2;[[0,0],[1,0],[0,3],[4,15]]
2/7;1/2;[[0,0],[2,0],[6,7],[-3,-4],[7,9]]
2/3;2/3;[[0,0],[2,0],[1,3],[4,3],[-2,2],[-3,1]]
2/5;1/2;[[0,0],[5,0],[0,1],[12,-2],[-8,2],[-5,1],[11,-2]]
2/3;2/3;[[0,0],[3,0],[0,1],[7,-4],[4,-4]]
1/4;2/5;[[0,0],[1,0],[4,8],[3,8],[-4,-11]]
6/17;3/7;[[0,0],[1,0],[7,9],[5,8],[6,7],[7,11]]
2/3;2/3;[[0,0],[1,0],[10,11],[-9,-11],[-8,-10],[11,12],[7,7]]
2;2;[[0,0],[2,0],[0,1],[-25,1]]
2/5;1/2;[[0,0],[2,0],[5,6],[5,1]]
1;1;[[0,0],[12,0],[0,1],[11,-1],[-1,1],[9,-1]]
1/3;1/2;[[0,0],[2,0],[2,5],[1,-3],[3,7],[4,8]]
2/3;2/3;[[0,0],[2,0],[0,1],[12,2],[14,3],[15,3]]
1/3;1/2;[[0,0],[1,0],[9,12],[8,11],[6,6]]
2/5;1/2;[[0,0],[1,0],[0,3],[-4,3],[-2,4],[-4,1]]
2/5;3/7;[[0,0],[2,0],[1,2],[-1,5],[-2,4],[3,-4],[-2,3]]
1/3;1/2;[[0,0],[1,0],[6,10],[-3,-7],[11,18]]
2/3;2/3;[[0,0],[1,0],[1,2],[7,3],[6,3],[7,1]]
32/115;3/7;[[0,0],[1,0],[5,7],[-11,-20]]
2/5;1/2;[[0,0],[1,0],[0,5],[-2,1],[-3,5]]
26/119;1/2;[[0,0],[1,0],[8,10],[11,15],[-4,-7]]
2/5;3/7;[[0,0],[1,0],[8,11],[9,11],[4,4],[11,15]]
2/5;1/2;[[0,0],[1,0],[4,7],[3,3],[6,8],[6,10],[8,12]]
2/5;1/2;[[0,0],[1,0],[2,5],[4,6],[3,1],[4,2]]
5/12;2/3;[[0,0],[1,0],[0,8],[-1,2],[-2,6],[-2,5]]
14/33;2/3;[[0,0],[1,0],[10,11],[-8,-10],[-6,-7],[-6,-8]]
1;1;[[0,0],[1,0],[7,12],[6,12],[8,15]]
4/9;2/3;[[0,0],[1,0],[5,9],[-2,-5],[-1,-2],[7,12],[6,9]]
1/3;1/2;[[0,0],[1,0],[0,6],[-1,6],[3,3]]
4/9;2/3;[[0,0],[1,0],[0,6],[2,7],[2,8],[-1,4]]
4/9;2/3;[[0,0],[1,0],[2,9],[2,7],[-1,-9],[1,8]]
5/12;1/2;[[0,0],[1,0],[3,5],[3,9],[5,13],[5,14]]
6/17;1/2;[[0,0],[1,0],[2,9],[3,9],[0,-4],[-1,-5],[-1,-6]]
14/47;1/2;[[0,0],[6,0],[1,2],[6,-1],[4,2],[2,3]]
1/2;2/3;[[0,0],[1,0],[2,7],[3,10],[3,2]]
3/7;1/2;[[0,0],[1,0],[0,2],[-3,6],[-4,7],[-4,4],[-2,1]]
5/12;2/3;[[0,0],[1,0],[5,13],[-3,-11],[4,9]]
13/42;1/2;[[0,0],[5,0],[0,1],[7,3],[4,-1]]
2/3;2/3;[[0,0],[4,0],[0,3],[-5,3]]
2/3;2/3;[[0,0],[1,0],[2,3],[-3,3],[-4,1]]
1;1;[[0,0],[1,0],[6,11],[-4,-9],[3,6],[5,8]]
7/12;1;[[0,0],[12,0],[0,1],[5,-1],[2,-1]]
1/2;1/2;[[0,0],[1,0],[1,6],[0,-3],[4,12]]
2/5;1/2;[[0,0],[1,0],[0,1],[5,-5],[2,-5],[6,-7]]
1/3;1/2;[[0,0],[1,0],[6,9],[5,8],[6,6]]
1;1;[[0,0],[1,0],[3,5],[-5,-10],[-5,-12]]
4/9;2/3;[[0,0],[1,0],[10,11],[9,11],[6,6],[13,15]]
20/91;2/3;[[0,0],[1,0],[6,13],[7,13],[0,-1]]
3/7;1/2;[[0,0],[1,0],[0,1],[4,-6],[6,-6],[2,-5]]
5/12;2/3;[[0,0],[3,0],[2,3],[2,-5],[3,3]]
5/21;3/7;[[0,0],[1,0],[5,16],[-1,-7],[5,15]]
6/19;1/2;[[0,0],[1,0],[6,8],[6,6],[3,5],[5,8]]
2/3;2/3;[[0,0],[2,0],[2,5],[3,3],[0,-3],[3,2],[1,5]]
2/5;1/2;[[0,0],[1,0],[2,9],[4,15],[5,21]]
1;1;[[0,0],[1,0],[0,1],[-9,1],[-13,2],[-5,2]]
1;1;[[0,0],[1,0],[0,1],[-9,1],[-11,2],[-3,2]]
2/5;1/2;[[0,0],[5,0],[1,2],[-2,1],[5,-2],[6,-2]]
1;1;[[0,0],[3,0],[0,1],[-10,1],[-13,2],[-9,2]]
9/25;3/7;[[0,0],[1,0],[2,3],[8,5],[-2,1]]
1/3;1/2;[[0,0],[4,0],[1,3],[-1,4],[5,-2]]
1;1;[[0,0],[1,0],[16,17],[3,2],[19,20]]
1;1;[[0,0],[2,0],[1,6],[1,-3],[0,4],[2,5]]
1/2;1/2;[[0,0],[1,0],[8,10],[-4,-6],[3,4],[7,8],[7,9],[-5,-7],[5,5]]
3/7;2/3;[[0,0],[1,0],[1,7],[3,7],[3,4]]
4/15;2/5;[[0,0],[1,0],[1,3],[7,11],[7,10]]
4/11;1/2;[[0,0],[2,0],[3,5],[4,4],[-1,-4],[-2,-5]]
6/17;1/2;[[0,0],[1,0],[2,5],[-1,-9],[3,13],[3,11]]
2/3;2/3;[[0,0],[1,0],[0,1],[1,7],[2,4],[3,9],[3,11]]
2/5;1/2;[[0,0],[1,0],[1,5],[2,1],[4,8],[4,7]]
4/9;1/2;[[0,0],[1,0],[2,4],[0,-3],[-3,-7],[-2,-8],[-4,-10]]
5/12;1/2;[[0,0],[1,0],[1,3],[4,5],[4,9],[3,8]]
6/13;2/3;[[0,0],[1,0],[2,7],[2,5],[1,8],[-1,-9]]
1/3;1/2;[[0,0],[4,0],[0,1],[-11,3],[14,-3]]
13/22;1;[[0,0],[1,0],[1,11],[2,12],[2,7]]
3/7;1/2;[[0,0],[1,0],[0,2],[-3,4],[-3,7],[-5,9],[-5,7]]
23/57;2/3;[[0,0],[1,0],[8,11],[11,16],[-5,-9]]
4/9;2/3;[[0,0],[1,0],[0,1],[-2,1],[-9,7],[-7,7]]
2/3;2/3;[[0,0],[8,0],[0,1],[17,-2],[18,-2],[1,1]]
1/2;1/2;[[0,0],[1,0],[3,11],[3,10],[-1,-6],[1,5],[-1,-7],[2,9]]
1;1;[[0,0],[11,0],[0,1],[6,-1],[-1,1],[2,-1]]
2/3;2/3;[[0,0],[1,0],[1,3],[5,3],[4,1],[-2,1]]
2/3;2/3;[[0,0],[1,0],[0,1],[1,2],[3,3],[7,2],[9,3]]
3/7;2/3;[[0,0],[1,0],[0,7],[-1,9],[1,-6],[2,-9],[2,-10]]
1/2;1/2;[[0,0],[1,0],[7,8],[3,4],[7,9],[-8,-11]]
3/7;1/2;[[0,0],[1,0],[3,5],[3,7],[-1,1],[0,4]]
4/9;2/3;[[0,0],[1,0],[0,6],[-1,4],[2,3],[2,6]]
1/2;1/2;[[0,0],[2,0],[4,7],[-1,-3],[0,-4],[-1,-2]]
2/3;2/3;[[0,0],[1,0],[0,3],[2,3],[-6,1]]
9/25;3/7;[[0,0],[1,0],[1,2],[6,5],[6,2]]
2/5;1/2;[[0,0],[1,0],[2,9],[3,9],[1,5],[0,-4],[-1,-6]]
9/25;3/7;[[0,0],[1,0],[8,10],[-8,-11],[-10,-13]]
2/3;2/3;[[0,0],[1,0],[3,4],[7,7],[4,2],[5,6],[5,3]]
4/9;2/3;[[0,0],[1,0],[2,8],[2,10],[-1,-9],[1,8]]
3/7;1/2;[[0,0],[1,0],[0,1],[8,5],[6,3],[6,5],[4,4]]
2/5;1/2;[[0,0],[1,0],[2,3],[4,1],[8,5]]
1/2;1/2;[[0,0],[2,0],[1,2],[3,2],[3,5],[4,5],[-1,-3],[0,-3],[-1,-4]]
2/5;1/2;[[0,0],[1,0],[1,5],[2,6],[2,1],[4,6],[4,5]]
1/2;1/2;[[0,0],[1,0],[0,2],[-4,1],[-5,2],[-3,4],[-2,4]]
1/3;1/2;[[0,0],[2,0],[1,6],[4,3]]
16/39;2/3;[[0,0],[1,0],[4,7],[-5,-12],[-3,-9],[-5,-13]]
1/2;1/2;[[0,0],[1,0],[1,2],[-4,1],[0,5]]
2/3;2/3;[[0,0],[2,0],[1,4],[-1,3],[2,-1],[-1,6],[0,7]]
4/11;1/2;[[0,0],[2,0],[3,5],[-1,-6],[1,-3],[-1,-7]]
10/21;2/3;[[0,0],[1,0],[4,5],[8,14],[10,17]]
3/8;1/2;[[0,0],[1,0],[1,2],[10,16],[-3,-7]]
2/5;1/2;[[0,0],[1,0],[3,5],[5,5],[-1,1],[1,4]]
15/26;1;[[0,0],[13,0],[0,1],[6,-1],[-1,1]]
4/9;2/3;[[0,0],[1,0],[6,12],[3,7],[6,11],[-1,-4]]
1/2;2/3;[[0,0],[1,0],[0,1],[-13,6],[-14,7],[-3,1]]
1;1;[[0,0],[1,0],[6,11],[-4,-9],[2,4],[6,10]]
2/3;2/3;[[0,0],[1,0],[0,2],[-4,1],[-2,3],[-6,2],[-7,3]]
3/8;3/7;[[0,0],[2,0],[3,4],[1,3],[-1,-5],[4,4]]
2/3;2/3;[[0,0],[1,0],[2,3],[6,6],[7,6],[5,3],[3,4],[7,5]]
3/7;3/7;[[0,0],[2,0],[0,1],[-7,2],[-10,5]]
1/3;1/2;[[0,0],[1,0],[2,9],[-1,-10],[-1,-6],[-2,-13]]
1/3;1/2;[[0,0],[1,0],[2,9],[3,10],[1,6],[-1,-7]]
3/7;2/3;[[0,0],[7,0],[0,1],[4,-2],[1,-2]]
1;1;[[0,0],[1,0],[8,9],[4,3],[14,15]]
1/2;2/3;[[0,0],[4,0],[1,2],[-1,3],[-5,1]]
3/7;2/3;[[0,0],[1,0],[1,7],[2,8],[0,-6],[-1,-9],[-1,-10]]
7/15;2/3;[[0,0],[1,0],[2,10],[0,-1],[1,8],[2,5],[3,11]]
3/7;1/2;[[0,0],[1,0],[3,5],[0,4],[3,7],[-1,2]]
2/3;2/3;[[0,0],[2,0],[0,2],[-6,2],[-7,3],[-2,3]]
2;2;[[0,0],[4,0],[0,1],[-23,1]]
1/2;1/2;[[0,0],[5,0],[0,1],[-8,2],[12,-2],[11,-2],[-9,2]]
2/5;1/2;[[0,0],[1,0],[1,4],[3,7],[2,6],[3,3],[4,7],[4,5]]
1/2;1/2;[[0,0],[1,0],[4,6],[4,4],[7,10],[10,13]]
9/26;1/2;[[0,0],[1,0],[3,10],[-2,-11],[4,12]]
1;1;[[0,0],[11,0],[0,1],[9,-1],[-1,1],[5,-1]]
4/9;2/3;[[0,0],[1,0],[0,7],[1,6],[-1,5],[2,4],[-1,6]]
3/7;2/3;[[0,0],[1,0],[2,7],[1,7],[0,-6],[-1,-8],[-1,-9]]
2/3;2/3;[[0,0],[1,0],[9,11],[10,12],[2,1],[8,8]]
12/35;3/7;[[0,0],[1,0],[3,7],[-5,-14],[-4,-10]]
7/18;1/2;[[0,0],[3,0],[1,2],[6,3],[-1,-3]]
2/3;2/3;[[0,0],[1,0],[0,1],[-10,3],[-9,2],[-7,3],[-6,1]]
12/35;3/7;[[0,0],[1,0],[3,7],[2,6],[4,7],[0,3],[-1,1]]
8/19;2/3;[[0,0],[1,0],[11,19],[3,3]]
3/7;3/7;[[0,0],[1,0],[0,1],[1,-4],[2,-6],[5,-6]]
2/3;2/3;[[0,0],[1,0],[2,7],[0,1],[1,6],[3,7],[2,1],[3,5]]
2/3;2/3;[[0,0],[6,0],[0,2],[-1,2],[6,1],[3,-1],[2,-1]]
1;1;[[0,0],[1,0],[1,2],[2,2],[-11,-23]]
2/5;1/2;[[0,0],[2,0],[0,3],[4,-5],[-2,4],[1,2],[-3,4]]
2/3;2/3;[[0,0],[1,0],[2,5],[-2,-6],[-3,-12],[-4,-14]]
2/5;1/2;[[0,0],[1,0],[3,7],[5,9],[2,1],[5,8],[4,5]]
2/3;2/3;[[0,0],[2,0],[3,4],[4,5],[-2,-3],[0,-2],[6,6]]
2/3;2/3;[[0,0],[1,0],[2,3],[-7,-12],[-7,-11],[-12,-19]]
4/11;1/2;[[0,0],[1,0],[5,12],[6,12],[4,7],[6,14]]
11/28;1/2;[[0,0],[1,0],[4,7],[5,7],[2,5],[-1,1]]
5/14;1/2;[[0,0],[1,0],[5,7],[4,7],[-4,-8],[-5,-9],[-6,-11]]
2/3;2/3;[[0,0],[1,0],[5,7],[2,1],[8,9],[10,12]]
1/3;1/2;[[0,0],[1,0],[8,9],[-5,-6],[-7,-10]]
2/3;2/3;[[0,0],[1,0],[0,3],[-4,1],[-6,3]]
2/5;3/7;[[0,0],[1,0],[0,3],[-4,1],[-2,5]]
3/8;1/2;[[0,0],[1,0],[0,4],[-2,5],[-3,3],[-3,1]]
1/3;1/2;[[0,0],[1,0],[5,12],[-3,-10],[5,11],[6,14]]
4/11;3/7;[[0,0],[1,0],[1,2],[-4,3],[0,5]]
7/26;3/7;[[0,0],[1,0],[16,21],[2,1]]
2/3;2/3;[[0,0],[1,0],[1,2],[5,1],[4,3],[9,3]]
5/12;2/3;[[0,0],[3,0],[0,3],[5,-3],[-3,5]]
2/3;2/3;[[0,0],[3,0],[1,3],[6,3],[6,2]]
2/3;2/3;[[0,0],[1,0],[0,2],[3,7],[3,5],[1,7]]
5/19;1/2;[[0,0],[1,0],[7,17],[-3,-10]]
2/9;2/3;[[0,0],[1,0],[2,10],[-1,-11],[1,8]]
4/9;2/3;[[0,0],[1,0],[2,16],[-1,-9],[2,17]]
4/9;1/2;[[0,0],[1,0],[4,7],[-1,-3],[2,2],[6,13],[6,14]]
1/2;1/2;[[0,0],[1,0],[8,12],[-1,-3],[3,5],[8,11],[1,2]]
2/3;2/3;[[0,0],[1,0],[6,7],[8,9],[4,2],[5,3]]
2/3;2/3;[[0,0],[2,0],[0,3],[-3,1],[-6,3]]
2/3;2/3;[[0,0],[1,0],[0,2],[-4,3],[-4,1],[-7,3],[-7,2]]
1/3;1/2;[[0,0],[1,0],[2,10],[-1,-9],[3,12]]
4/9;2/3;[[0,0],[1,0],[3,5],[-5,-9],[-7,-14],[-6,-11]]
2/3;2/3;[[0,0],[1,0],[2,3],[6,2],[-1,2],[6,3]]
2/3;2/3;[[0,0],[1,0],[2,3],[0,2],[3,7],[1,6],[3,10]]
5/23;1/2;[[0,0],[1,0],[10,13],[-9,-14]]
1;1;[[0,0],[5,0],[0,1],[1,2],[9,2]]
1/2;1/2;[[0,0],[2,0],[3,5],[0,1],[1,3],[3,1],[5,5]]
5/12;1/2;[[0,0],[1,0],[0,1],[4,5],[2,1],[6,11]]
5/16;1/2;[[0,0],[2,0],[4,5],[-5,-8],[3,4]]
1;1;[[0,0],[1,0],[3,6],[6,10],[-5,-11]]
2/3;2/3;[[0,0],[3,0],[1,3],[5,1],[-2,2],[-1,3]]
14/45;1/2;[[0,0],[1,0],[4,9],[5,10],[5,8],[3,3]]
3/7;1/2;[[0,0],[1,0],[4,5],[1,4],[2,5],[4,2]]
2/3;2/3;[[0,0],[8,0],[0,1],[19,-2],[20,-2],[1,1]]
1;1;[[0,0],[10,0],[0,1],[8,-1],[-1,1],[2,-1]]
9/23;1/2;[[0,0],[1,0],[6,8],[2,1],[5,8],[6,6]]
4/9;2/3;[[0,0],[1,0],[2,9],[3,7],[3,11],[1,6]]
4/11;1/2;[[0,0],[1,0],[0,1],[6,7],[4,7],[3,6]]
8/27;1/2;[[0,0],[1,0],[7,8],[7,9],[4,2]]
3/7;1/2;[[0,0],[2,0],[1,4],[2,5],[4,3],[4,1]]
17/52;1/2;[[0,0],[1,0],[9,13],[10,14],[8,10],[6,7]]
4/9;2/3;[[0,0],[1,0],[0,6],[-1,2],[-2,10],[-2,7]]
1/2;1/2;[[0,0],[1,0],[6,8],[3,2],[10,13],[11,14]]
9/23;1/2;[[0,0],[4,0],[2,3],[3,-2],[4,2],[3,4]]
4/9;2/3;[[0,0],[1,0],[0,2],[4,-7],[-6,12],[-5,9]]
7/15;2/3;[[0,0],[1,0],[0,1],[3,5],[4,3],[7,7]]
4/9;1/2;[[0,0],[1,0],[0,3],[-3,5],[-3,2],[-1,5],[-2,6]]
17/52;1/2;[[0,0],[3,0],[1,3],[3,-4],[4,-2],[4,-4]]
5/12;2/3;[[0,0],[1,0],[6,7],[8,8],[3,1],[4,2]]
3/7;2/3;[[0,0],[1,0],[7,8],[7,7],[-5,-6],[-6,-8],[-7,-9]]
7/15;2/3;[[0,0],[1,0],[0,8],[-1,8],[-1,9],[2,2]]
3/7;1/2;[[0,0],[1,0],[4,7],[2,1],[6,10],[6,8],[4,4]]
1/3;1/2;[[0,0],[1,0],[0,5],[-1,7],[-2,3],[-3,5]]
3/7;1/2;[[0,0],[1,0],[2,8],[-1,-7],[1,5],[3,10],[3,8]]
1/2;1/2;[[0,0],[4,0],[0,1],[4,2],[2,-3],[3,-3]]
4/9;1/2;[[0,0],[2,0],[1,2],[-3,1],[-5,4],[-5,3]]
2/3;2/3;[[0,0],[1,0],[2,3],[3,4],[4,2],[7,6],[8,6]]
2/3;2/3;[[0,0],[1,0],[0,1],[8,2],[11,3],[5,3]]
12/35;3/7;[[0,0],[4,0],[3,4],[-1,1],[4,-1]]
5/11;2/3;[[0,0],[1,0],[10,15],[15,22]]
1;1;[[0,0],[1,0],[8,9],[3,2],[15,16]]
3/7;1/2;[[0,0],[1,0],[1,5],[3,5],[2,1],[-1,1],[0,4],[3,4]]
2/5;1/2;[[0,0],[1,0],[3,5],[-1,1],[0,5],[-1,3]]
7/20;1/2;[[0,0],[1,0],[10,14],[5,8],[-1,-3]]
2/3;2/3;[[0,0],[1,0],[6,8],[-1,-2],[8,9],[3,5]]
1/2;1/2;[[0,0],[3,0],[0,4],[-1,3],[-1,4],[4,2]]
2/5;1/2;[[0,0],[1,0],[3,11],[4,11],[2,3],[4,14]]
1/3;1/2;[[0,0],[1,0],[1,3],[5,6],[5,3]]
28/143;1/2;[[0,0],[1,0],[6,13],[4,5]]
7/15;2/3;[[0,0],[1,0],[5,7],[5,5],[11,13]]
1/2;1/2;[[0,0],[1,0],[1,3],[3,4],[4,1],[5,4],[5,2]]
5/12;2/3;[[0,0],[1,0],[1,8],[2,4],[3,10],[3,9]]
1/3;3/7;[[0,0],[1,0],[2,5],[-2,1],[-2,3],[-3,2]]
1/3;1/2;[[0,0],[4,0],[0,1],[-7,2],[17,-4]]
1;1;[[0,0],[1,0],[1,11],[2,11],[0,-2],[2,8]]
1/2;2/3;[[0,0],[1,0],[1,2],[3,5],[10,12]]
3/8;1/2;[[0,0],[1,0],[3,6],[4,4],[1,4],[5,7]]
2/3;2/3;[[0,0],[1,0],[0,2],[-7,1],[-3,3],[-2,3]]
1/4;1/2;[[0,0],[2,0],[1,3],[-1,-7],[-2,-7]]
9/23;1/2;[[0,0],[2,0],[4,5],[-2,-7],[5,6]]
1;1;[[0,0],[12,0],[0,1],[7,-1],[-1,1],[5,-1]]
7/16;2/3;[[0,0],[1,0],[2,11],[3,11],[3,16]]
4/11;1/2;[[0,0],[1,0],[2,7],[3,5],[4,11],[4,8]]
2/3;2/3;[[0,0],[3,0],[1,3],[2,-3],[0,2],[3,2],[1,-3]]
5/17;3/7;[[0,0],[1,0],[5,11],[-5,-14],[3,5]]
9/23;1/2;[[0,0],[1,0],[0,1],[6,-8],[5,-8],[6,-6]]
4/9;1/2;[[0,0],[1,0],[0,1],[-5,1],[-9,3],[-2,2],[-10,4]]
2/3;2/3;[[0,0],[1,0],[0,1],[-6,1],[-10,3],[-6,3]]
9/23;1/2;[[0,0],[2,0],[6,7],[-1,-4],[6,6],[7,8]]
2/3;2/3;[[0,0],[1,0],[8,9],[5,6],[-6,-8],[-7,-9],[7,7]]
1/2;1/2;[[0,0],[2,0],[4,5],[0,-2],[3,5],[4,3],[1,3]]
1/3;1/2;[[0,0],[1,0],[0,5],[-2,5],[-1,8],[-3,8]]
2/7;1/2;[[0,0],[1,0],[1,3],[4,4],[4,7],[6,7]]
1/5;2/3;[[0,0],[1,0],[13,15],[9,9]]
4/9;1/2;[[0,0],[1,0],[0,1],[5,-6],[6,-6],[1,-4]]
4/11;1/2;[[0,0],[1,0],[3,8],[4,10],[4,7],[6,12]]
2/3;2/3;[[0,0],[1,0],[0,1],[6,-7],[6,-6],[4,-6],[1,-3]]
1/2;1/2;[[0,0],[1,0],[2,3],[-2,1],[5,4],[7,4]]
2/5;1/2;[[0,0],[2,0],[3,5],[0,-1],[1,4],[3,1],[4,4]]
4/11;1/2;[[0,0],[1,0],[3,10],[4,10],[2,3],[-1,-4],[-1,-5]]
1;1;[[0,0],[3,0],[0,2],[-7,2],[-7,1]]
3/7;1/2;[[0,0],[4,0],[0,3],[-1,3],[4,2],[1,-1]]
3/7;1/2;[[0,0],[1,0],[6,14],[-1,-4],[7,15]]
5/13;1/2;[[0,0],[1,0],[3,6],[5,7],[2,5],[4,4],[6,7]]
2/3;2/3;[[0,0],[1,0],[0,1],[-3,3],[-6,3],[-9,5],[-11,7]]
3/8;1/2;[[0,0],[1,0],[0,2],[4,5],[2,7]]
7/15;2/3;[[0,0],[1,0],[0,8],[-1,7],[-1,8],[2,2]]
6/17;1/2;[[0,0],[4,0],[0,2],[5,2],[3,3],[3,-1]]
2;2;[[0,0],[3,0],[0,1],[-24,1]]
5/24;2/3;[[0,0],[1,0],[12,13],[-9,-11],[8,8]]
12/35;3/7;[[0,0],[5,0],[0,1],[11,-2],[23,-4]]
1;1;[[0,0],[12,0],[0,1],[9,-1],[-1,1],[7,-1]]
1;1;[[0,0],[2,0],[1,6],[1,-2],[0,5],[2,6]]
4/9;1/2;[[0,0],[1,0],[0,1],[-10,8],[-10,9],[-16,13]]
5/12;1/2;[[0,0],[2,0],[2,3],[3,3],[-2,-6],[-1,-6]]
4/9;2/3;[[0,0],[1,0],[2,3],[6,6],[7,9],[10,12]]
31/115;3/7;[[0,0],[1,0],[4,17],[-1,-10]]
13/22;1;[[0,0],[1,0],[1,11],[2,13],[2,8]]
1;1;[[0,0],[1,0],[4,8],[5,8],[-5,-11]]
1/2;1/2;[[0,0],[1,0],[4,8],[5,8],[0,-1],[4,5],[2,5],[3,7],[5,7]]
1/2;1/2;[[0,0],[1,0],[3,4],[4,4],[9,11],[-7,-10],[-6,-9]]
2/3;2/3;[[0,0],[1,0],[5,7],[2,4],[5,9],[9,15]]
1/2;1/2;[[0,0],[4,0],[0,1],[4,2],[1,-3],[2,-3]]
2/5;2/3;[[0,0],[2,0],[3,5],[1,-4],[3,8]]
23/57;2/3;[[0,0],[3,0],[1,5],[3,-4]]
2/3;2/3;[[0,0],[6,0],[0,1],[-12,2],[-13,2],[8,-1],[7,-1]]
2/3;2/3;[[0,0],[1,0],[2,5],[2,7],[-1,1],[-1,4]]
1/2;1/2;[[0,0],[1,0],[3,4],[10,12],[-8,-11]]
7/15;2/3;[[0,0],[1,0],[1,5],[2,8],[3,8],[2,1],[3,5]]
1/2;1/2;[[0,0],[2,0],[1,2],[-3,1],[-3,4],[-1,4]]
2/5;3/7;[[0,0],[1,0],[3,5],[4,5],[-6,-11],[-7,-12],[-8,-14]]
3/7;2/3;[[0,0],[1,0],[1,7],[0,6],[2,6],[-1,3],[-1,4]]
3/7;1/2;[[0,0],[2,0],[0,2],[2,5],[4,3],[1,5]]
4/9;1/2;[[0,0],[1,0],[2,8],[3,9],[1,5],[-1,-6],[3,7]]
11/35;3/7;[[0,0],[1,0],[5,7],[3,7],[1,4],[2,6]]
2/9;2/3;[[0,0],[1,0],[0,9],[-2,9]]
2/9;2/3;[[0,0],[1,0],[0,9],[-2,1]]
2/9;2/3;[[0,0],[1,0],[0,9],[-2,3]]
2/9;2/3;[[0,0],[1,0],[0,9],[-2,5]]
2/9;2/3;[[0,0],[1,0],[0,9],[-2,7]]
5/12;1/2;[[0,0],[2,0],[0,1],[1,1],[2,-6],[4,-6]]
13/35;3/7;[[0,0],[2,0],[1,3],[5,5],[-2,1]]
1/2;1/2;[[0,0],[3,0],[2,3],[6,4],[0,1],[2,-1]]
11/28;1/2;[[0,0],[1,0],[10,13],[8,9],[2,1],[6,6]]
1/2;1/2;[[0,0],[2,0],[1,2],[3,3],[-2,-6],[-1,-6]]
2/3;2/3;[[0,0],[1,0],[1,3],[5,3],[-3,1],[-2,2]]
2/3;2/3;[[0,0],[1,0],[11,12],[-9,-11],[-8,-10],[7,7],[12,13]]
1/2;1/2;[[0,0],[2,0],[2,3],[3,4],[5,2],[7,4]]
1/2;1/2;[[0,0],[2,0],[2,3],[3,4],[4,1],[6,4],[6,3]]
7/12;1;[[0,0],[12,0],[0,1],[7,-1],[4,-1]]
7/15;2/3;[[0,0],[1,0],[1,7],[2,5],[-1,3],[2,8]]
3/7;2/3;[[0,0],[1,0],[2,8],[0,6],[-1,1],[-1,2]]
7/15;2/3;[[0,0],[1,0],[3,4],[4,2],[9,7]]
1/2;1/2;[[0,0],[1,0],[4,13],[2,3],[5,14],[5,16]]
2/3;2/3;[[0,0],[1,0],[7,8],[-2,-3],[6,8],[5,7],[7,7]]
4/9;1/2;[[0,0],[1,0],[1,6],[2,6],[-1,3],[2,7],[-2,1]]
2/3;2/3;[[0,0],[1,0],[0,1],[-14,12],[-18,16]]
3/10;1/2;[[0,0],[1,0],[5,11],[6,12],[4,6],[2,1]]
2/3;2/3;[[0,0],[2,0],[0,2],[2,5],[3,4],[1,-3],[3,6]]
1/3;1/3;[[0,0],[3,0],[6,9]]
5/14;1/2;[[0,0],[1,0],[6,7],[4,7],[1,3],[3,6]]
7/22;1/2;[[0,0],[1,0],[3,14],[-1,-11],[3,13]]
5/9;2/3;[[0,0],[3,0],[3,9]]
2/3;2/3;[[0,0],[3,0],[2,3],[4,1],[-2,2],[-2,3]]
1;1;[[0,0],[4,0],[0,1],[1,2],[10,2]]
7/12;1;[[0,0],[12,0],[0,1],[11,-1],[8,-1]]
19/77;1/2;[[0,0],[1,0],[4,11],[-4,-12],[-5,-14]]
2/3;2/3;[[0,0],[1,0],[8,12],[11,15]]
1;1;[[0,0],[2,0],[0,1],[-9,1],[-13,2],[-6,2]]
1/3;1/2;[[0,0],[2,0],[5,7],[-1,-5],[5,6]]
2/3;2/3;[[0,0],[1,0],[0,1],[3,8],[3,7],[1,8]]
1;1;[[0,0],[12,0],[0,1],[10,-1],[-1,1],[8,-1]]
1/3;1/2;[[0,0],[4,0],[1,3],[4,-3],[3,2]]
1/2;1/2;[[0,0],[2,0],[0,1],[1,1],[3,-6],[5,-6]]
2/5;1/2;[[0,0],[1,0],[4,5],[5,5],[1,4],[-1,2]]
2/3;2/3;[[0,0],[1,0],[2,5],[5,9],[-1,-3],[5,10],[4,6],[4,9]]
2/5;1/2;[[0,0],[1,0],[5,10],[2,5],[-3,-8],[-3,-9]]
3/10;3/7;[[0,0],[1,0],[4,7],[6,7],[6,10]]
7/15;2/3;[[0,0],[1,0],[0,5],[-1,2],[-2,6],[-2,11]]
7/15;2/3;[[0,0],[1,0],[1,7],[2,5],[0,5],[-1,2],[2,8]]
7/15;2/3;[[0,0],[1,0],[3,4],[7,7],[5,3],[6,7]]
1/2;1/2;[[0,0],[2,0],[1,2],[5,2],[5,5],[4,5]]
5/8;1;[[0,0],[1,0],[1,8],[2,12],[2,1]]
2/5;1/2;[[0,0],[1,0],[1,5],[2,5],[-1,-9],[3,12],[3,11]]
4/15;3/7;[[0,0],[1,0],[4,15],[-1,-9],[4,14]]
2/3;2/3;[[0,0],[1,0],[4,6],[8,11],[5,6],[-5,-8],[-4,-7]]
1/3;1/2;[[0,0],[4,0],[1,3],[4,-3],[2,3]]
3/8;1/2;[[0,0],[1,0],[7,10],[4,4],[9,12],[9,11]]
1/2;1/2;[[0,0],[1,0],[2,4],[-2,-5],[-5,-15],[-5,-14]]
15/26;1;[[0,0],[1,0],[1,13],[2,13],[0,-1]]
4/9;2/3;[[0,0],[1,0],[8,9],[4,6],[1,3]]
3/7;1/2;[[0,0],[2,0],[0,3],[1,2],[-2,3],[-3,5],[4,-5]]
7/12;1;[[0,0],[1,0],[1,12],[2,12],[2,9]]
1/2;1/2;[[0,0],[1,0],[4,7],[2,1],[0,2],[4,4],[2,5]]
8/25;3/7;[[0,0],[1,0],[4,5],[3,7],[1,4],[5,7]]
1/2;1/2;[[0,0],[1,0],[0,1],[-9,4],[-8,3],[-5,4]]
1/3;1/2;[[0,0],[1,0],[7,11],[7,10],[5,9],[6,8]]
1/2;1/2;[[0,0],[1,0],[0,1],[1,-3],[4,-8],[4,-5],[3,-8]]
1/2;1/2;[[0,0],[1,0],[0,4],[-3,4],[-4,3],[-4,2]]
11/35;3/7;[[0,0],[2,0],[1,3],[5,8],[1,-2]]
2/3;2/3;[[0,0],[3,0],[0,2],[3,4],[1,-3]]
1/2;1/2;[[0,0],[3,0],[0,1],[2,-4],[4,-3],[1,-4],[4,-2]]
3/7;2/3;[[0,0],[3,0],[0,3],[4,-3],[-3,4]]
8/25;1/2;[[0,0],[1,0],[5,7],[5,10],[2,5]]
9/23;1/2;[[0,0],[1,0],[3,10],[-2,-11],[3,8],[4,13]]
1/2;1/2;[[0,0],[4,0],[0,1],[3,2],[4,-1],[1,-2],[1,3]]
2/3;2/3;[[0,0],[2,0],[0,1],[10,2],[10,3],[13,3]]
1;1;[[0,0],[2,0],[1,5],[1,-4],[0,2],[2,7]]
4/9;2/3;[[0,0],[1,0],[2,9],[3,10],[2,2],[3,6]]
1/2;1/2;[[0,0],[1,0],[1,2],[2,3],[5,1],[5,5]]
1;1;[[0,0],[11,0],[0,1],[10,-1],[-1,1],[6,-1]]
3/7;1/2;[[0,0],[1,0],[0,1],[-9,5],[-8,4],[-5,2],[-5,4],[-7,5]]
3/7;2/3;[[0,0],[1,0],[0,7],[-1,5],[2,4],[2,5]]
3/7;2/3;[[0,0],[7,0],[0,1],[6,-2],[3,-2]]
1;1;[[0,0],[1,0],[0,1],[-12,6],[-14,8]]
3/11;1/2;[[0,0],[1,0],[4,5],[2,5],[6,11]]
4/9;2/3;[[0,0],[1,0],[1,6],[2,8],[0,-7],[-1,-9],[-1,-10]]
9/44;1/2;[[0,0],[1,0],[7,19],[3,5]]
2/5;1/2;[[0,0],[1,0],[4,5],[2,5],[4,1]]
1/2;1/2;[[0,0],[1,0],[0,3],[-3,4],[-3,1],[-1,4],[-4,3],[-4,2]]
7/15;2/3;[[0,0],[1,0],[4,5],[2,1],[8,8],[10,12]]
3/5;1;[[0,0],[1,0],[1,10],[2,10],[2,3]]
3/7;1/2;[[0,0],[1,0],[3,8],[4,10],[2,1],[4,6]]
1/2;1/2;[[0,0],[1,0],[0,1],[1,2],[5,2],[4,4],[8,4]]
1;1;[[0,0],[10,0],[0,1],[8,-1],[-2,1],[3,-1]]
2/3;2/3;[[0,0],[2,0],[0,1],[8,3],[7,2],[3,3]]
3/7;1/2;[[0,0],[1,0],[2,3],[2,2],[-8,-14],[-8,-15]]
15/26;1;[[0,0],[13,0],[0,1],[7,-1],[-1,1]]
2/3;2/3;[[0,0],[1,0],[9,11],[10,11],[2,1],[12,14]]
4/9;1/2;[[0,0],[1,0],[4,7],[7,11],[7,10],[-2,-4],[6,10]]
1;1;[[0,0],[1,0],[8,9],[2,1],[16,17]]
2/3;2/3;[[0,0],[2,0],[0,1],[5,1],[8,3],[3,3]]
6/19;1/2;[[0,0],[1,0],[11,14],[13,17],[-5,-8]]
26/119;1/2;[[0,0],[1,0],[11,15],[-4,-7],[10,13]]
3/7;1/2;[[0,0],[1,0],[0,4],[-2,5],[-1,5],[-2,1],[-3,4],[-3,2]]
2/5;1/2;[[0,0],[1,0],[1,5],[2,5],[-1,-8],[3,12],[-1,-9]]
1/2;1/2;[[0,0],[1,0],[1,2],[6,2],[6,4],[3,3],[8,4]]
1/3;1/2;[[0,0],[1,0],[5,6],[0,1],[6,6],[1,4]]
3/7;2/3;[[0,0],[1,0],[7,10],[-7,-11],[7,9]]
1/3;1/2;[[0,0],[1,0],[1,2],[6,6],[6,3]]
5/12;1/2;[[0,0],[1,0],[0,1],[7,6],[1,2],[9,6]]
2/5;1/2;[[0,0],[1,0],[8,9],[5,5],[7,9],[-3,-4],[-5,-7]]
2/5;1/2;[[0,0],[1,0],[3,7],[2,5],[-4,-11],[5,10]]
1;1;[[0,0],[3,0],[0,1],[-9,1],[-13,2],[-7,2]]
4/9;2/3;[[0,0],[1,0],[2,5],[0,7],[-1,3],[-1,4]]
3/8;3/7;[[0,0],[1,0],[8,10],[4,4],[-5,-7],[8,11]]
7/20;1/2;[[0,0],[1,0],[9,10],[-10,-13],[-8,-11]]
2/5;1/2;[[0,0],[1,0],[4,5],[4,2],[1,3],[6,5]]
11/18;1;[[0,0],[1,0],[1,9],[2,10],[2,1]]
2/3;2/3;[[0,0],[2,0],[1,2],[-3,3],[-5,1],[-1,3]]
4/9;2/3;[[0,0],[1,0],[2,9],[-1,-10],[-1,-12],[0,-8]]
2/3;2/3;[[0,0],[1,0],[3,9],[4,10],[4,9],[-1,-5],[-2,-7]]
1;1;[[0,0],[1,0],[1,10],[2,10],[0,-1],[2,4]]
1/2;1/2;[[0,0],[1,0],[0,2],[-5,2],[-5,4],[-1,3],[-3,4]]
1/2;1/2;[[0,0],[1,0],[2,3],[4,1],[3,4],[7,4]]
1/2;1/2;[[0,0],[1,0],[7,8],[6,8],[-8,-11]]
1/3;1/2;[[0,0],[1,0],[4,13],[-2,-11],[4,12]]
1/2;1/2;[[0,0],[1,0],[2,3],[0,4],[-3,1],[2,5]]
4/9;1/2;[[0,0],[1,0],[2,4],[2,5],[-1,5],[-2,4]]
15/26;1;[[0,0],[13,0],[0,1],[10,-1],[-1,1]]
3/7;2/3;[[0,0],[1,0],[3,6],[7,11],[-3,-7]]
1/3;1/2;[[0,0],[1,0],[3,5],[-5,-13],[-4,-12],[-6,-16]]
1/2;1/2;[[0,0],[2,0],[1,2],[4,4],[5,2],[2,3],[7,4]]
1/3;1/2;[[0,0],[1,0],[2,3],[6,3],[6,6]]
1;1;[[0,0],[1,0],[0,2],[-7,1],[-11,2]]
4/11;1/2;[[0,0],[1,0],[7,12],[2,1],[5,6],[4,4]]
1/2;1/2;[[0,0],[1,0],[6,7],[2,1],[6,9],[9,13]]
2/3;2/3;[[0,0],[1,0],[0,1],[-2,1],[-5,5],[-7,5],[-11,9]]
7/15;2/3;[[0,0],[1,0],[1,5],[3,3],[3,9]]
9/23;1/2;[[0,0],[1,0],[8,10],[-8,-11],[-6,-8],[10,13]]
2/7;3/7;[[0,0],[1,0],[1,5],[3,3],[5,7]]
2/3;2/3;[[0,0],[1,0],[1,7],[2,6],[2,8],[-1,2],[-1,3]]
3/8;1/2;[[0,0],[1,0],[5,7],[3,6],[2,5],[5,5]]
2/3;2/3;[[0,0],[2,0],[1,6],[-1,5],[2,-1],[-1,3]]
1/3;1/2;[[0,0],[1,0],[0,5],[1,6],[2,6],[-2,1]]
1/3;1/2;[[0,0],[1,0],[3,12],[-1,-7],[1,6],[2,10]]
1/4;2/3;[[0,0],[1,0],[2,8],[1,8],[-1,-11]]
1/2;1/2;[[0,0],[1,0],[2,4],[-1,4],[-2,1],[-3,2]]
17/55;3/7;[[0,0],[5,0],[0,1],[1,-2],[3,-4]]
4/9;2/3;[[0,0],[1,0],[2,4],[-3,-9],[-5,-12],[-5,-11]]
7/15;2/3;[[0,0],[1,0],[0,1],[-8,8],[-4,3],[-10,8]]
2/5;3/7;[[0,0],[1,0],[4,7],[6,8],[-1,-3],[2,5]]
1/2;1/2;[[0,0],[1,0],[2,3],[-2,1],[-2,2],[2,6]]
26/95;3/7;[[0,0],[1,0],[14,17],[-7,-9],[-4,-5]]
3/7;2/3;[[0,0],[1,0],[0,7],[-1,1],[-2,7],[-2,6]]
5/13;1/2;[[0,0],[1,0],[3,5],[4,4],[6,7],[6,9],[8,11]]
3/7;2/3;[[0,0],[1,0],[0,7],[1,6],[-1,5],[2,3],[2,4]]
4/9;2/3;[[0,0],[6,0],[0,1],[7,-1],[-11,2],[-13,2]]
2/3;2/3;[[0,0],[1,0],[7,9],[10,12],[4,3]]
1/3;3/7;[[0,0],[1,0],[5,7],[5,9],[3,1]]
2/3;2/3;[[0,0],[1,0],[0,1],[1,5],[2,2],[3,6],[2,8],[3,10]]
3/7;1/2;[[0,0],[1,0],[3,10],[4,10],[4,13],[2,2]]
2;2;[[0,0],[13,0],[0,1],[-14,1]]
7/15;2/3;[[0,0],[1,0],[2,3],[5,5],[6,8],[11,13]]
7/12;1;[[0,0],[1,0],[1,12],[2,13],[2,10]]
1/2;1/2;[[0,0],[1,0],[3,5],[3,6],[-1,3],[-1,4]]
5/12;1/2;[[0,0],[1,0],[2,8],[-2,-18],[2,7]]
3/7;1/2;[[0,0],[5,0],[0,1],[5,2],[6,2],[3,-2]]
2/5;1/2;[[0,0],[1,0],[1,5],[2,5],[-1,4],[-2,1],[-2,2]]
5/17;3/7;[[0,0],[1,0],[7,11],[7,9],[4,4],[6,7]]
4/9;1/2;[[0,0],[5,0],[0,1],[5,2],[6,2],[1,-2]]
15/26;1;[[0,0],[13,0],[0,1],[11,-1],[-1,1]]
1;1;[[0,0],[11,0],[0,1],[7,-1],[-1,1],[3,-1]]
1/2;1/2;[[0,0],[2,0],[1,4],[-1,1],[-1,2],[4,4]]
6/17;1/2;[[0,0],[1,0],[4,9],[-4,-11],[3,7],[5,10]]
4/9;1/2;[[0,0],[1,0],[0,2],[-3,1],[-2,4],[-5,5],[-4,5]]
1/2;1/2;[[0,0],[1,0],[4,8],[0,1],[3,9],[4,11],[1,4]]
5/12;2/3;[[0,0],[1,0],[1,8],[2,5],[3,12],[3,11]]
5/21;1/2;[[0,0],[1,0],[1,6],[3,11],[-1,-9]]
2/5;1/2;[[0,0],[1,0],[3,4],[5,5],[8,9],[8,10],[-5,-7]]
5/8;1;[[0,0],[1,0],[1,8],[2,13],[2,2]]
1/3;1/2;[[0,0],[1,0],[0,6],[-2,1],[-3,3]]
3/7;1/2;[[0,0],[1,0],[0,1],[-4,3],[-9,8],[-13,10],[-12,10]]
1/2;1/2;[[0,0],[1,0],[1,4],[2,4],[-3,2],[-4,1]]
2/5;3/7;[[0,0],[1,0],[6,9],[-6,-11],[3,5],[7,10]]
2/3;2/3;[[0,0],[1,0],[1,2],[0,7],[-1,2],[-2,7],[-2,6]]
2/5;1/2;[[0,0],[1,0],[3,5],[5,3],[7,5]]
3/7;1/2;[[0,0],[1,0],[3,5],[5,3],[5,7]]
9/14;1;[[0,0],[1,0],[0,1],[-26,14]]
2;2;[[0,0],[1,0],[0,1],[-26,1]]
3/7;1/2;[[0,0],[1,0],[2,3],[-8,-15],[-8,-14],[-9,-16]]
4/11;1/2;[[0,0],[2,0],[3,4],[-2,1],[-3,2]]
2/5;1/2;[[0,0],[1,0],[0,2],[-5,2],[-5,1],[-3,4]]
4/9;2/3;[[0,0],[1,0],[2,8],[1,7],[2,9],[-1,-8],[0,-6]]
14/33;2/3;[[0,0],[1,0],[2,11],[3,11],[2,4],[3,9]]
3/8;1/2;[[0,0],[1,0],[4,7],[6,8],[1,4]]
1/2;1/2;[[0,0],[1,0],[0,1],[4,8],[4,5],[2,6]]
1/2;1/2;[[0,0],[1,0],[0,1],[-4,1],[-8,3],[-9,4],[-4,3],[-7,4]]
2/3;2/3;[[0,0],[3,0],[0,3],[-6,3]]
3/5;1;[[0,0],[1,0],[1,10],[2,12],[2,5]]
1/2;1/2;[[0,0],[2,0],[0,4],[1,4],[-2,3],[-3,1]]
1;1;[[0,0],[1,0],[0,3],[2,5],[2,13]]
2/3;2/3;[[0,0],[1,0],[0,2],[-4,1],[-1,3],[-6,3],[-6,2]]
3/7;2/3;[[0,0],[1,0],[1,6],[-1,8],[2,3],[2,4]]
11/18;1;[[0,0],[1,0],[1,9],[2,13],[2,4]]
2/5;3/7;[[0,0],[1,0],[3,9],[5,10],[5,11]]
1/2;1/2;[[0,0],[1,0],[0,2],[4,1],[2,4],[4,5]]
4/9;1/2;[[0,0],[1,0],[0,1],[10,3],[14,5],[15,5]]
3/11;1/2;[[0,0],[1,0],[5,11],[6,12],[3,3]]
5/12;1/2;[[0,0],[1,0],[0,3],[-4,1],[-1,4],[-5,2]]
3/7;1/2;[[0,0],[1,0],[2,5],[4,6],[3,6],[3,1],[4,3]]
3/11;3/7;[[0,0],[1,0],[9,14],[-6,-11],[8,12]]
1;1;[[0,0],[2,0],[0,1],[-11,1],[-13,2],[-10,2]]
2/7;2/5;[[0,0],[2,0],[3,4],[-5,-9],[2,3]]
2/3;2/3;[[0,0],[1,0],[5,7],[-7,-11],[2,3],[9,12]]
2/5;3/7;[[0,0],[1,0],[1,4],[4,12],[4,11],[-1,-6],[-1,-7]]
3/7;2/3;[[0,0],[1,0],[1,7],[2,10],[2,4],[3,11],[3,10]]
2/5;1/2;[[0,0],[1,0],[3,5],[-1,2],[0,5],[-1,4]]
1/2;1/2;[[0,0],[1,0],[10,13],[-5,-7],[-5,-8],[-3,-4]]
2/3;2/3;[[0,0],[1,0],[6,7],[5,6],[7,7],[-8,-10],[-9,-11]]
3/7;1/2;[[0,0],[1,0],[3,5],[4,4],[9,14]]
4/11;1/2;[[0,0],[1,0],[4,9],[3,9],[2,7],[4,7]]
1/4;2/5;[[0,0],[4,0],[0,3],[2,-3],[-1,3]]
5/13;1/2;[[0,0],[1,0],[5,8],[8,11],[4,4],[6,7]]
1;1;[[0,0],[2,0],[1,6],[1,-4],[0,3],[2,4]]
1;1;[[0,0],[1,0],[12,13],[2,1],[18,19]]
2/3;2/3;[[0,0],[1,0],[0,2],[-5,3],[-5,1],[-6,2],[-2,3]]
5/12;1/2;[[0,0],[1,0],[2,3],[-3,1],[2,4],[-4,2]]
11/28;1/2;[[0,0],[1,0],[10,13],[8,9],[3,2]]
2;2;[[0,0],[10,0],[0,1],[-17,1]]
9/26;1/2;[[0,0],[2,0],[3,5],[-1,-6],[4,5]]
9/25;3/7;[[0,0],[1,0],[10,15],[10,16],[12,19]]
3/7;2/3;[[0,0],[1,0],[1,2],[8,13],[-5,-11]]
3/7;1/2;[[0,0],[1,0],[4,5],[4,6],[2,5],[-1,1],[-1,2]]
2/5;1/2;[[0,0],[1,0],[4,9],[2,1],[0,3]]
3/8;1/2;[[0,0],[2,0],[0,1],[7,-4],[8,-5],[2,-3]]
3/8;1/2;[[0,0],[1,0],[0,2],[-5,8],[-6,11],[-4,9]]
3/7;1/2;[[0,0],[1,0],[4,6],[2,5],[3,6],[4,2]]
4/9;2/3;[[0,0],[1,0],[1,6],[0,7],[-1,4],[2,4],[-1,5]]
1/3;1/2;[[0,0],[6,0],[0,1],[2,-3],[1,-3]]
11/35;1/2;[[0,0],[1,0],[5,10],[3,7],[5,7]]
1/3;2/5;[[0,0],[1,0],[2,3],[11,6]]
2/9;2/3;[[0,0],[1,0],[7,13],[8,14],[6,9]]
3/7;3/7;[[0,0],[1,0],[3,5],[1,2],[2,1],[8,11],[9,13]]
2/5;1/2;[[0,0],[1,0],[6,13],[-2,-5],[-3,-9],[-1,-5]]
4/9;2/3;[[0,0],[1,0],[2,8],[2,6],[1,8],[-1,-9]]
1/2;1/2;[[0,0],[1,0],[5,12],[4,7],[2,2],[7,16]]
1/2;1/2;[[0,0],[1,0],[2,4],[3,2],[4,7],[5,5],[5,8]]
1/2;1/2;[[0,0],[1,0],[0,3],[-3,1],[-3,6]]
1/3;1/2;[[0,0],[1,0],[10,13],[8,9],[12,15]]
2/3;2/3;[[0,0],[3,0],[1,2],[5,3],[4,3],[7,1]]
29/115;2/5;[[0,0],[1,0],[4,5],[-13,-22]]
3/5;1;[[0,0],[1,0],[2,15],[2,3]]
4/9;1/2;[[0,0],[1,0],[0,1],[-5,1],[-8,2],[-6,3],[-10,4]]
7/17;2/3;[[0,0],[3,0],[1,4],[3,-5]]
1;1;[[0,0],[11,0],[0,1],[9,-1],[-2,1],[6,-1]]
5/12;1/2;[[0,0],[1,0],[1,6],[-1,1],[-1,2],[3,8]]
4/9;2/3;[[0,0],[3,0],[2,3],[0,-2],[2,-3],[1,-5]]
4/9;2/3;[[0,0],[1,0],[2,9],[2,8],[1,7],[0,-6],[-1,-9]]
1/2;1/2;[[0,0],[1,0],[7,10],[7,9],[-1,-2],[6,7],[6,9],[3,5]]
5/12;1/2;[[0,0],[1,0],[2,3],[-3,2],[-4,1],[1,4]]
3/8;1/2;[[0,0],[1,0],[4,9],[3,8],[3,3],[4,5]]
1;1;[[0,0],[4,0],[0,1],[-8,1],[-12,2],[-5,2]]
2/3;2/3;[[0,0],[1,0],[2,3],[10,3]]
27/95;3/7;[[0,0],[1,0],[8,19],[4,7]]
