Classical Q-codegree ; Fine Q-codegree ; Vertices of Polytope 
5/12;1/2;[[0,0],[1,0],[2,3],[1,4],[-2,1],[-3,2]]
2/3;2/3;[[0,0],[1,0],[0,1],[8,2],[7,3],[11,3]]
3/7;2/3;[[0,0],[1,0],[1,7],[3,9],[3,8]]
12/49;1/2;[[0,0],[1,0],[8,11],[-6,-9],[-5,-7]]
3/7;2/3;[[0,0],[1,0],[1,7],[3,11],[3,10]]
1/2;1/2;[[0,0],[1,0],[3,8],[1,4],[-1,-5],[2,7],[3,6]]
1/2;1/2;[[0,0],[1,0],[0,2],[-6,9],[-9,14]]
7/15;2/3;[[0,0],[1,0],[2,10],[3,10],[3,13]]
2;2;[[0,0],[5,0],[0,1],[-18,1]]
2/5;1/2;[[0,0],[2,0],[0,1],[4,-3],[1,-3],[5,-5]]
2/3;2/3;[[0,0],[2,0],[1,3],[4,1],[6,3]]
2/3;2/3;[[0,0],[1,0],[2,3],[3,7],[0,2],[1,6],[3,8]]
7/15;2/3;[[0,0],[1,0],[1,5],[-1,-8],[0,-6],[2,7],[-1,-9]]
7/15;2/3;[[0,0],[1,0],[3,7],[-2,-6],[-2,-8],[-4,-13]]
7/15;2/3;[[0,0],[1,0],[0,5],[-1,4],[2,2],[2,5]]
2/5;1/2;[[0,0],[1,0],[0,1],[6,3],[6,5],[4,4]]
2/3;2/3;[[0,0],[2,0],[1,3],[4,3],[-1,2],[-2,1]]
3/8;3/7;[[0,0],[1,0],[3,5],[3,7],[4,8],[-1,1]]
1/2;1/2;[[0,0],[1,0],[3,4],[1,3],[4,2],[6,4]]
7/15;2/3;[[0,0],[1,0],[0,5],[2,6],[2,7],[-1,3]]
4/9;2/3;[[0,0],[1,0],[5,6],[6,6],[3,5],[1,3]]
4/9;1/2;[[0,0],[1,0],[2,5],[4,5],[4,9]]
2/3;2/3;[[0,0],[2,0],[0,1],[-5,1],[-9,3],[-6,3]]
13/40;3/7;[[0,0],[1,0],[1,4],[4,11],[-1,-7]]
4/9;2/3;[[0,0],[1,0],[0,6],[-1,6],[2,3],[2,4]]
2/3;2/3;[[0,0],[1,0],[0,1],[-6,1],[-8,3],[-6,3]]
17/39;2/3;[[0,0],[1,0],[3,13],[3,8]]
2/3;2/3;[[0,0],[1,0],[6,7],[5,6],[-6,-8],[6,6],[-7,-9]]
1/2;2/3;[[0,0],[2,0],[1,2],[-5,1],[-1,3]]
2/3;2/3;[[0,0],[1,0],[2,4],[1,3],[4,3],[6,6]]
2/5;1/2;[[0,0],[2,0],[2,4],[1,3],[3,2],[0,-3],[-1,-4]]
1/2;1/2;[[0,0],[1,0],[3,6],[0,-1],[5,7],[1,4]]
2/3;2/3;[[0,0],[1,0],[0,2],[4,3],[6,3],[-3,1]]
1/2;1/2;[[0,0],[4,0],[0,1],[-8,2],[5,-1],[-9,2],[11,-2]]
5/8;1;[[0,0],[1,0],[1,8],[2,10],[2,3]]
1/3;1/2;[[0,0],[1,0],[1,3],[6,14],[-1,-5]]
2/3;2/3;[[0,0],[1,0],[0,1],[3,3],[1,4],[3,8]]
5/11;2/3;[[0,0],[1,0],[2,3],[-6,1]]
1/2;2/3;[[0,0],[1,0],[1,2],[0,-7],[-2,-5]]
1/2;2/3;[[0,0],[1,0],[1,4],[3,7],[3,3],[2,7]]
5/13;1/2;[[0,0],[1,0],[5,8],[6,9],[4,4],[6,7]]
1/2;1/2;[[0,0],[1,0],[1,3],[4,4],[2,4],[4,1]]
1;1;[[0,0],[4,0],[1,2],[7,2],[7,1]]
2/3;2/3;[[0,0],[1,0],[2,3],[-1,1],[2,6],[-1,3]]
7/20;1/2;[[0,0],[1,0],[4,13],[-1,-7],[4,12]]
2/5;1/2;[[0,0],[1,0],[4,11],[5,13],[3,5],[2,2]]
1/4;2/3;[[0,0],[1,0],[8,15],[2,1]]
3/5;1;[[0,0],[10,0],[0,1],[8,-1],[5,-1]]
2/5;1/2;[[0,0],[1,0],[2,3],[5,3],[4,1],[5,5]]
2/3;2/3;[[0,0],[1,0],[0,2],[2,10],[3,12],[3,13]]
3/7;1/2;[[0,0],[1,0],[4,14],[5,16],[5,17]]
1/2;1/2;[[0,0],[1,0],[0,1],[-6,2],[-8,4],[-6,4]]
5/13;1/2;[[0,0],[1,0],[3,10],[4,10],[4,13]]
1/2;2/3;[[0,0],[1,0],[6,7],[-6,-8],[-2,-4],[-5,-6]]
9/20;1/2;[[0,0],[1,0],[2,5],[4,3],[5,5]]
4/9;2/3;[[0,0],[1,0],[1,6],[2,6],[0,-5],[-1,-7],[-1,-8]]
4/9;2/3;[[0,0],[1,0],[2,12],[3,14],[3,15]]
2/5;1/2;[[0,0],[1,0],[2,4],[-1,3],[1,5],[-2,1]]
2/3;2/3;[[0,0],[1,0],[8,9],[-7,-9],[-6,-8],[9,10],[6,6]]
2/3;2/3;[[0,0],[2,0],[1,2],[2,-1],[-1,-3],[0,-5],[-1,-5]]
4/9;1/2;[[0,0],[1,0],[2,3],[5,3],[5,4],[-2,1]]
1/2;2/3;[[0,0],[1,0],[0,1],[1,-7],[2,-4],[3,-9]]
1/2;1/2;[[0,0],[2,0],[1,4],[-1,3],[-1,4],[3,2]]
1;1;[[0,0],[9,0],[0,1],[6,-1],[-1,1],[2,-1]]
11/42;2/3;[[0,0],[1,0],[2,11],[0,-6],[-1,-9]]
1/2;2/3;[[0,0],[1,0],[3,6],[2,8],[3,11]]
1/2;1/2;[[0,0],[1,0],[1,2],[-3,2],[-3,1],[-1,4],[0,4]]
1;1;[[0,0],[10,0],[0,1],[7,-1],[-1,1],[5,-1]]
7/15;2/3;[[0,0],[5,0],[0,1],[6,-1],[-9,2],[-11,2]]
1/2;1/2;[[0,0],[3,0],[0,1],[2,-1],[4,2],[2,3],[4,4]]
2/3;2/3;[[0,0],[1,0],[0,3],[-2,2],[-4,7],[-4,6]]
1/2;2/3;[[0,0],[1,0],[0,4],[-2,5],[-1,6],[-2,1]]
2/5;1/2;[[0,0],[1,0],[0,5],[-2,5],[2,3]]
4/9;1/2;[[0,0],[1,0],[1,2],[6,2],[6,4],[3,3]]
2/5;1/2;[[0,0],[1,0],[5,9],[2,1],[5,6]]
5/14;1/2;[[0,0],[1,0],[8,11],[11,14]]
22/91;2/3;[[0,0],[1,0],[10,11],[-7,-9],[7,7]]
7/16;2/3;[[0,0],[1,0],[10,11],[-7,-9],[-4,-6]]
9/20;1/2;[[0,0],[1,0],[8,11],[4,3]]
2/7;2/3;[[0,0],[5,0],[0,1],[8,2],[3,-1]]
1/3;1/2;[[0,0],[1,0],[3,7],[5,9],[3,3]]
3/7;2/3;[[0,0],[1,0],[18,20],[19,21]]
1/2;1/2;[[0,0],[1,0],[2,3],[6,3],[7,4],[3,4]]
1/2;1/2;[[0,0],[1,0],[3,5],[2,6],[4,8],[4,11]]
2/3;2/3;[[0,0],[1,0],[3,7],[3,4],[5,9],[5,11]]
3/7;2/3;[[0,0],[7,0],[0,1],[2,-2],[1,-2]]
9/20;1/2;[[0,0],[1,0],[2,5],[-2,-10],[-3,-16]]
7/15;2/3;[[0,0],[1,0],[1,5],[3,7],[2,1],[3,4]]
5/12;1/2;[[0,0],[1,0],[4,7],[7,10],[5,6]]
3/7;1/2;[[0,0],[1,0],[3,10],[4,12],[4,13],[2,2]]
2/3;2/3;[[0,0],[1,0],[0,1],[2,-6],[3,-6],[1,-5],[3,-3]]
7/17;2/3;[[0,0],[1,0],[10,14],[-1,-3],[11,16]]
2/5;1/2;[[0,0],[1,0],[0,3],[-4,3],[-2,5]]
2/3;2/3;[[0,0],[1,0],[1,2],[6,3],[5,3],[6,1]]
1/2;1/2;[[0,0],[1,0],[0,1],[3,-8],[3,-5],[4,-9],[4,-8],[1,-4]]
5/8;1;[[0,0],[1,0],[1,8],[2,11],[2,4]]
3/7;2/3;[[0,0],[1,0],[0,3],[-3,10],[4,-11]]
1;1;[[0,0],[1,0],[0,2],[-7,2],[-7,1]]
4/9;1/2;[[0,0],[1,0],[1,2],[-3,-7],[-1,-7]]
1/2;1/2;[[0,0],[2,0],[1,2],[5,1],[5,4]]
1/2;1/2;[[0,0],[1,0],[0,1],[-5,1],[-2,2],[-8,4]]
2/3;2/3;[[0,0],[2,0],[2,3],[3,3],[-4,1]]
2/3;2/3;[[0,0],[1,0],[0,2],[1,-6],[2,-3],[3,-8],[3,-7]]
1;1;[[0,0],[2,0],[0,1],[-9,1],[-11,2],[-8,2]]
1/2;1/2;[[0,0],[4,0],[0,2],[4,1],[-1,1],[-1,2],[3,-2]]
13/35;1/2;[[0,0],[1,0],[5,7],[5,3]]
3/7;1/2;[[0,0],[1,0],[3,5],[5,8],[4,4],[7,10]]
2;2;[[0,0],[9,0],[0,1],[-14,1]]
7/15;2/3;[[0,0],[1,0],[4,5],[4,2],[7,5]]
2/3;2/3;[[0,0],[1,0],[0,1],[-10,3],[-10,2],[-12,3]]
2/3;2/3;[[0,0],[2,0],[1,2],[-2,3],[-4,1],[0,3]]
1/2;1/2;[[0,0],[1,0],[2,3],[5,4],[6,4],[-2,1]]
2/5;1/2;[[0,0],[1,0],[1,2],[5,7],[5,5],[4,7]]
2/3;2/3;[[0,0],[1,0],[0,3],[-1,3],[6,-17]]
1;1;[[0,0],[1,0],[0,1],[-8,1],[-9,2],[-3,2]]
7/20;1/2;[[0,0],[1,0],[6,19],[2,3]]
1/2;1/2;[[0,0],[1,0],[4,7],[2,1],[2,5],[4,4]]
4/9;2/3;[[0,0],[1,0],[1,6],[2,6],[0,5],[-1,2],[-1,3]]
9/14;1;[[0,0],[1,0],[1,7],[2,10],[2,1]]
2/5;1/2;[[0,0],[2,0],[1,5],[3,3],[4,1]]
1/2;1/2;[[0,0],[1,0],[3,4],[5,5],[4,5],[5,2]]
1/2;1/2;[[0,0],[1,0],[1,2],[4,1],[4,5],[3,5]]
2/9;1/2;[[0,0],[1,0],[3,8],[5,11],[4,7]]
1;1;[[0,0],[1,0],[0,1],[1,2],[11,2]]
7/15;2/3;[[0,0],[1,0],[5,6],[6,7],[6,4]]
4/9;1/2;[[0,0],[1,0],[2,6],[4,9],[4,8],[-1,-5]]
3/5;1;[[0,0],[10,0],[0,1],[6,-1],[3,-1]]
9/23;1/2;[[0,0],[1,0],[5,8],[6,8],[3,3],[-2,-4],[-3,-5]]
1;1;[[0,0],[3,0],[0,1],[-7,1],[-11,2],[-5,2]]
4/9;2/3;[[0,0],[1,0],[7,8],[6,6],[2,3],[7,9],[6,8]]
1;1;[[0,0],[1,0],[0,1],[-8,1],[-10,2],[-4,2]]
7/15;2/3;[[0,0],[1,0],[1,6],[2,8],[2,7],[0,-5],[-1,-8]]
17/52;1/2;[[0,0],[1,0],[9,13],[6,7],[4,4]]
2/5;1/2;[[0,0],[1,0],[2,3],[-2,1],[0,5]]
2/3;2/3;[[0,0],[3,0],[0,1],[4,1],[5,3],[1,3]]
16/63;2/3;[[0,0],[1,0],[5,9],[4,9],[-2,-5]]
5/12;1/2;[[0,0],[1,0],[5,8],[8,11],[7,9]]
4/11;1/2;[[0,0],[1,0],[16,19],[2,1]]
2/5;1/2;[[0,0],[1,0],[0,1],[3,5],[5,5],[1,4]]
2/5;2/3;[[0,0],[1,0],[7,11],[8,13],[-4,-9]]
1/2;2/3;[[0,0],[1,0],[2,4],[1,6],[-1,2],[2,7]]
2/3;2/3;[[0,0],[1,0],[3,4],[5,3],[4,5],[7,5]]
1/2;2/3;[[0,0],[1,0],[0,1],[7,-7],[2,-3],[5,-7]]
4/9;2/3;[[0,0],[1,0],[2,9],[3,9],[2,3],[3,7]]
11/34;1/2;[[0,0],[1,0],[7,8],[-11,-15]]
5/12;2/3;[[0,0],[3,0],[0,1],[2,-5],[1,-5]]
7/20;1/2;[[0,0],[1,0],[0,4],[-2,9],[3,-11]]
1/2;1/2;[[0,0],[1,0],[0,1],[1,5],[2,2],[4,8]]
1/2;1/2;[[0,0],[2,0],[2,3],[3,3],[-1,-2],[-1,-4],[0,-4]]
5/18;1/2;[[0,0],[1,0],[4,13],[-2,-8],[-2,-7]]
4/9;1/2;[[0,0],[1,0],[0,1],[-10,5],[-10,4],[-12,5]]
2/3;2/3;[[0,0],[1,0],[5,7],[-5,-8],[-5,-9],[-4,-6]]
2/5;1/2;[[0,0],[1,0],[4,6],[4,5],[1,4],[2,6]]
2/5;1/2;[[0,0],[1,0],[0,3],[-3,2],[-4,5],[-4,4]]
11/18;1;[[0,0],[1,0],[12,13],[17,18]]
2/3;2/3;[[0,0],[1,0],[0,1],[2,2],[3,5],[2,7],[3,9]]
1/2;1/2;[[0,0],[1,0],[8,11],[10,13],[2,1]]
4/9;2/3;[[0,0],[1,0],[2,7],[0,5],[-1,1],[-1,2]]
6/17;1/2;[[0,0],[5,0],[1,3],[5,-1],[2,3]]
1/2;2/3;[[0,0],[1,0],[1,4],[2,1],[3,8],[3,3]]
2/3;2/3;[[0,0],[1,0],[0,3],[-2,6],[4,-10],[4,-11]]
2;2;[[0,0],[7,0],[0,1],[-16,1]]
2/3;2/3;[[0,0],[2,0],[2,5],[0,-1],[1,5],[3,3],[3,2]]
2/3;2/3;[[0,0],[1,0],[5,6],[7,8],[3,1],[4,2]]
1/2;2/3;[[0,0],[1,0],[2,3],[4,2],[6,6],[5,6]]
14/33;2/3;[[0,0],[1,0],[2,11],[3,11],[0,-1]]
1/2;1/2;[[0,0],[1,0],[0,1],[5,3],[6,4],[3,4],[1,3]]
5/12;1/2;[[0,0],[2,0],[3,4],[-1,-6],[4,5]]
13/35;3/7;[[0,0],[1,0],[4,5],[-2,2]]
2/5;1/2;[[0,0],[1,0],[4,9],[4,7],[2,6],[1,4]]
3/10;1/2;[[0,0],[1,0],[6,9],[-6,-11],[3,5]]
3/7;1/2;[[0,0],[1,0],[4,7],[3,1],[4,2]]
3/8;1/2;[[0,0],[3,0],[2,4],[-1,2],[3,-1]]
31/133;2/3;[[0,0],[1,0],[2,9],[-1,-14]]
5/9;2/3;[[0,0],[1,0],[0,1],[-16,6],[-18,7]]
4/9;2/3;[[0,0],[1,0],[0,6],[-1,1],[-2,6],[-2,5]]
8/25;1/2;[[0,0],[1,0],[2,6],[-2,-13],[1,5]]
2;2;[[0,0],[11,0],[0,1],[-12,1]]
1/2;1/2;[[0,0],[1,0],[3,7],[5,10],[2,1],[5,11]]
1/2;2/3;[[0,0],[1,0],[0,4],[-1,1],[-1,7],[-2,5],[-2,8]]
7/15;2/3;[[0,0],[1,0],[1,5],[2,6],[2,1],[3,6],[3,3]]
4/9;2/3;[[0,0],[1,0],[1,6],[2,5],[0,5],[-1,2],[-1,3]]
1/2;1/2;[[0,0],[1,0],[2,3],[0,4],[-2,1],[2,4],[-2,2]]
23/57;2/3;[[0,0],[1,0],[6,17],[-1,-6]]
4/7;2/3;[[0,0],[1,0],[1,2],[-6,9]]
4/9;2/3;[[0,0],[1,0],[2,3],[5,3],[6,6],[6,4]]
1;1;[[0,0],[1,0],[1,8],[2,8],[0,-3],[2,4]]
2/3;2/3;[[0,0],[1,0],[0,1],[-6,3],[-8,2],[-10,3]]
2/5;1/2;[[0,0],[1,0],[0,4],[-1,5],[-2,1],[-3,3]]
1/2;2/3;[[0,0],[1,0],[0,7],[-1,7],[-1,8],[2,1]]
1;1;[[0,0],[9,0],[0,1],[7,-1],[-2,1],[4,-1]]
3/7;1/2;[[0,0],[1,0],[4,7],[2,1],[4,10]]
10/21;2/3;[[0,0],[7,0],[0,1],[15,-2],[2,1]]
11/28;1/2;[[0,0],[1,0],[4,7],[2,1],[6,7]]
2/5;1/2;[[0,0],[5,0],[0,2],[5,-2],[4,1]]
2/5;1/2;[[0,0],[2,0],[2,4],[0,-3],[1,3],[3,3],[-1,-4]]
2/5;1/2;[[0,0],[1,0],[4,5],[0,3],[-2,1]]
4/9;2/3;[[0,0],[1,0],[2,9],[3,10],[3,8],[2,3]]
7/15;2/3;[[0,0],[1,0],[1,5],[2,7],[2,2],[3,8],[3,5]]
3/5;1;[[0,0],[10,0],[0,1],[5,-1],[2,-1]]
4/9;2/3;[[0,0],[1,0],[2,7],[3,7],[1,6],[3,5]]
2/5;1/2;[[0,0],[1,0],[0,1],[2,1],[8,11]]
8/19;1/2;[[0,0],[1,0],[0,1],[5,-7],[4,-7],[5,-5]]
1;1;[[0,0],[2,0],[0,1],[-7,1],[-11,2],[-4,2]]
1;1;[[0,0],[1,0],[1,8],[2,8],[0,-1],[2,2]]
8/19;1/2;[[0,0],[1,0],[5,11],[-2,-7],[5,10],[6,13]]
1;1;[[0,0],[1,0],[1,2],[2,2],[-9,-19]]
2/3;2/3;[[0,0],[1,0],[0,2],[-5,2],[-4,3],[-5,1],[-3,3]]
2/3;2/3;[[0,0],[1,0],[0,1],[-6,1],[-10,3],[-8,3]]
4/9;1/2;[[0,0],[1,0],[1,3],[-1,-5],[4,10],[4,8]]
1/2;1/2;[[0,0],[2,0],[0,1],[-3,1],[-10,4],[-7,4]]
1/2;1/2;[[0,0],[1,0],[4,5],[5,6],[5,2]]
5/14;1/2;[[0,0],[1,0],[2,7],[4,9],[3,5],[4,8]]
19/66;1/2;[[0,0],[1,0],[12,17],[2,1]]
10/21;2/3;[[0,0],[1,0],[2,7],[3,8],[2,1],[3,4]]
2/3;2/3;[[0,0],[1,0],[3,4],[6,6],[5,6],[3,1],[4,2]]
18/55;3/7;[[0,0],[1,0],[3,5],[-3,1]]
13/35;1/2;[[0,0],[1,0],[6,14],[7,15]]
2/3;2/3;[[0,0],[1,0],[1,2],[4,2],[2,3],[8,6]]
1;1;[[0,0],[2,0],[1,5],[1,-3],[0,3],[2,4]]
11/18;1;[[0,0],[9,0],[0,1],[6,-1],[1,-1]]
1;1;[[0,0],[2,0],[0,1],[-7,1],[-10,2],[-3,2]]
7/15;2/3;[[0,0],[1,0],[5,7],[6,10],[-2,-4],[5,9]]
4/9;2/3;[[0,0],[1,0],[6,7],[6,5],[4,2],[5,3]]
1/2;1/2;[[0,0],[1,0],[0,1],[-5,2],[-8,4],[-3,3],[-5,4]]
2/3;2/3;[[0,0],[1,0],[2,5],[3,4],[6,13]]
1/2;1/2;[[0,0],[1,0],[2,3],[1,4],[-3,2],[2,4]]
1/2;1/2;[[0,0],[1,0],[1,3],[2,2],[4,7],[3,8],[4,10]]
1/3;1/2;[[0,0],[2,0],[3,7],[-1,-4],[-1,-3]]
11/28;1/2;[[0,0],[1,0],[0,1],[4,-7],[1,-4],[2,-7]]
2/3;2/3;[[0,0],[1,0],[2,9],[-1,-11],[2,8],[-1,-12]]
1/2;1/2;[[0,0],[1,0],[0,1],[-14,4],[-16,5]]
5/12;1/2;[[0,0],[1,0],[0,3],[-2,4],[-3,1],[-4,2]]
2/3;2/3;[[0,0],[1,0],[1,2],[0,6],[-1,2],[-2,6],[-2,5]]
2;2;[[0,0],[8,0],[0,1],[-15,1]]
10/21;2/3;[[0,0],[1,0],[2,7],[3,7],[2,1],[3,3]]
13/38;1/2;[[0,0],[1,0],[6,7],[-11,-16]]
1/2;1/2;[[0,0],[2,0],[6,9],[7,10]]
4/9;1/2;[[0,0],[1,0],[3,7],[1,5],[3,8],[-1,1]]
13/22;1;[[0,0],[11,0],[0,1],[2,-1],[-1,1]]
1/3;1/2;[[0,0],[1,0],[5,9],[5,6],[4,4]]
9/25;1/2;[[0,0],[1,0],[6,7],[1,2],[6,9],[3,5]]
3/7;1/2;[[0,0],[1,0],[3,8],[3,5],[6,14]]
3/11;1/2;[[0,0],[1,0],[2,7],[-2,1]]
5/12;1/2;[[0,0],[2,0],[2,3],[5,4],[-2,1]]
9/14;1;[[0,0],[1,0],[1,7],[2,11],[2,2]]
7/15;2/3;[[0,0],[1,0],[0,1],[-12,2],[-14,3]]
5/11;2/3;[[0,0],[1,0],[3,11],[3,6],[2,2]]
2/3;2/3;[[0,0],[2,0],[2,4],[3,3],[0,3],[3,4],[1,-2]]
2/3;2/3;[[0,0],[1,0],[2,5],[1,6],[2,7],[-1,1],[-1,2]]
1/4;1/2;[[0,0],[1,0],[6,8],[5,8],[-4,-7]]
1/2;1/2;[[0,0],[1,0],[4,5],[-1,-3],[-3,-4],[-6,-9],[-4,-7],[-5,-7]]
2/3;2/3;[[0,0],[1,0],[0,2],[-2,5],[-4,5],[-4,7],[-3,3]]
1;1;[[0,0],[9,0],[0,1],[7,-1],[-1,1],[3,-1]]
3/7;1/2;[[0,0],[4,0],[1,2],[3,-2],[4,1],[-1,2]]
1;1;[[0,0],[3,0],[0,1],[-8,1],[-11,2],[-7,2]]
2/7;1/2;[[0,0],[1,0],[11,13],[-7,-9],[-4,-5]]
2/3;2/3;[[0,0],[1,0],[2,4],[2,5],[0,5],[-1,2],[-1,4]]
2/3;2/3;[[0,0],[1,0],[4,6],[-5,-8],[4,5],[-5,-9]]
1/2;1/2;[[0,0],[1,0],[1,4],[2,6],[3,4],[4,8],[4,7]]
2/3;2/3;[[0,0],[1,0],[0,1],[4,1],[1,3],[6,3]]
17/39;2/3;[[0,0],[2,0],[0,1],[3,6],[1,-4]]
1/2;1/2;[[0,0],[1,0],[0,3],[-3,2],[-1,4],[-4,4],[-4,3]]
2/5;1/2;[[0,0],[1,0],[1,5],[2,5],[-1,3],[-2,1]]
2/5;1/2;[[0,0],[1,0],[2,5],[-2,-11],[-1,-9],[-2,-13]]
8/19;1/2;[[0,0],[2,0],[3,4],[-1,-5],[0,-4],[4,5]]
1;1;[[0,0],[3,0],[0,1],[1,2],[9,2]]
1/3;2/3;[[0,0],[1,0],[0,6],[-1,6],[2,-11]]
3/7;1/2;[[0,0],[2,0],[0,3],[1,2],[3,-4],[-2,4],[-2,3]]
17/66;2/3;[[0,0],[1,0],[5,11],[6,11],[0,-1]]
3/5;1;[[0,0],[1,0],[1,10],[2,11],[2,8]]
8/13;1;[[0,0],[1,0],[2,13],[2,3]]
10/21;2/3;[[0,0],[1,0],[15,17],[3,2]]
16/55;1/2;[[0,0],[1,0],[8,10],[-8,-11],[7,9]]
5/14;1/2;[[0,0],[1,0],[10,13],[11,14],[5,5]]
1/3;3/7;[[0,0],[1,0],[3,8],[2,1],[5,13]]
2/5;1/2;[[0,0],[1,0],[1,5],[3,5],[0,4],[-1,2]]
2/3;2/3;[[0,0],[1,0],[5,6],[4,5],[6,6],[-6,-8],[-7,-9]]
2/3;2/3;[[0,0],[2,0],[0,3],[3,3],[-2,1],[-2,2]]
8/19;1/2;[[0,0],[1,0],[5,7],[2,1],[4,7],[5,5]]
1/2;2/3;[[0,0],[1,0],[0,7],[1,-1],[-1,2],[-2,5]]
5/8;1;[[0,0],[1,0],[1,8],[2,8],[2,1]]
1/2;1/2;[[0,0],[1,0],[0,1],[-8,4],[-5,2],[-5,4],[-7,3]]
1/2;2/3;[[0,0],[1,0],[0,1],[1,7],[2,4],[3,9]]
3/7;2/3;[[0,0],[1,0],[6,8],[-8,-13],[2,3]]
1/2;1/2;[[0,0],[2,0],[0,1],[4,4],[4,3],[1,4]]
1;1;[[0,0],[10,0],[0,1],[6,-1],[-1,1],[4,-1]]
4/9;2/3;[[0,0],[1,0],[2,8],[3,9],[3,7],[1,6]]
2/7;2/3;[[0,0],[1,0],[2,7],[1,7],[-1,-9]]
4/9;1/2;[[0,0],[3,0],[0,2],[-4,3],[4,-2],[-5,3]]
3/8;1/2;[[0,0],[1,0],[4,8],[-1,-5],[5,12],[6,14]]
1;1;[[0,0],[1,0],[0,2],[2,5],[2,12]]
2/3;2/3;[[0,0],[1,0],[1,3],[-2,-8],[-2,-7],[0,-6]]
7/15;2/3;[[0,0],[1,0],[1,6],[2,7],[2,6],[0,-5],[-1,-8]]
1/2;1/2;[[0,0],[1,0],[0,1],[3,-5],[5,-5],[1,-4]]
7/16;2/3;[[0,0],[2,0],[1,3],[2,-5],[3,-5],[3,-7]]
4/9;1/2;[[0,0],[1,0],[0,1],[1,-2],[6,-7],[4,-7]]
10/21;2/3;[[0,0],[1,0],[11,13],[7,7],[3,2]]
1;1;[[0,0],[3,0],[0,1],[-7,1],[-10,2],[-4,2]]
2/5;1/2;[[0,0],[1,0],[3,8],[2,2],[5,10],[4,7]]
1/3;1/2;[[0,0],[1,0],[3,5],[-5,-14],[-6,-16]]
4/9;1/2;[[0,0],[3,0],[0,3],[3,1],[-1,3],[2,-2],[1,-2]]
4/9;2/3;[[0,0],[1,0],[9,10],[-7,-9],[6,6],[-5,-7]]
13/49;2/3;[[0,0],[1,0],[2,8],[-1,-9],[1,7]]
5/14;1/2;[[0,0],[4,0],[1,2],[5,-3],[-1,1]]
2/3;2/3;[[0,0],[1,0],[1,2],[6,2],[2,3],[8,3]]
1/2;1/2;[[0,0],[1,0],[4,5],[2,5],[3,7],[5,7]]
2/5;1/2;[[0,0],[1,0],[2,8],[-1,-9],[3,10]]
1/2;2/3;[[0,0],[1,0],[1,4],[2,2],[3,5],[3,10]]
1/2;1/2;[[0,0],[1,0],[2,8],[-1,-6],[0,-4],[3,10],[-1,-7]]
7/15;2/3;[[0,0],[1,0],[2,6],[2,7],[0,5],[-1,2]]
2/3;2/3;[[0,0],[1,0],[2,6],[-1,-5],[3,6],[4,11],[4,10]]
2/3;2/3;[[0,0],[1,0],[3,9],[0,-1],[2,9],[3,7]]
13/22;1;[[0,0],[1,0],[1,11],[2,11],[0,-1]]
2/3;2/3;[[0,0],[2,0],[2,3],[6,2],[7,3]]
1;1;[[0,0],[1,0],[0,1],[-7,1],[-11,2],[-3,2]]
1;1;[[0,0],[2,0],[1,5],[1,-2],[0,4],[2,5]]
2/5;1/2;[[0,0],[1,0],[2,3],[-2,3],[2,5]]
10/21;2/3;[[0,0],[1,0],[2,7],[-1,-8],[-1,-12]]
11/18;1;[[0,0],[1,0],[1,9],[2,9],[2,4]]
3/5;1;[[0,0],[10,0],[0,1],[7,-1],[4,-1]]
2/5;1/2;[[0,0],[1,0],[0,5],[-3,2],[-3,1]]
1/2;1/2;[[0,0],[1,0],[0,1],[2,1],[4,5],[2,5],[4,7]]
1/2;1/2;[[0,0],[1,0],[1,2],[7,3],[10,5]]
1/2;2/3;[[0,0],[1,0],[3,5],[3,9],[2,8]]
2;2;[[0,0],[6,0],[0,1],[-17,1]]
13/22;1;[[0,0],[11,0],[0,1],[4,-1],[-1,1]]
19/77;2/3;[[0,0],[1,0],[9,10],[-7,-9],[7,7]]
2/5;1/2;[[0,0],[1,0],[2,5],[3,5],[-2,-7],[-3,-8],[-3,-9]]
3/8;1/2;[[0,0],[1,0],[7,11],[3,3],[9,13]]
2/3;2/3;[[0,0],[1,0],[0,2],[-3,1],[-1,3],[-5,2],[-6,3]]
1/2;1/2;[[0,0],[1,0],[7,11],[3,3],[11,17]]
1/2;2/3;[[0,0],[2,0],[1,4],[1,-2],[0,4],[-1,3],[2,3]]
1/2;1/2;[[0,0],[4,0],[0,1],[-7,2],[11,-2],[4,-1],[10,-2]]
1/2;1/2;[[0,0],[1,0],[1,2],[-2,-5],[0,-5],[-3,-8]]
16/55;1/2;[[0,0],[1,0],[4,11],[5,11],[0,-1]]
5/8;1;[[0,0],[1,0],[1,8],[2,9],[2,2]]
4/9;1/2;[[0,0],[1,0],[1,3],[3,6],[3,3],[5,8],[5,7]]
1;1;[[0,0],[2,0],[1,2],[-5,1],[-7,2]]
1;1;[[0,0],[1,0],[0,2],[-6,1],[-9,2]]
1;1;[[0,0],[1,0],[5,9],[-3,-7],[3,6],[5,8]]
2/5;1/2;[[0,0],[1,0],[3,5],[1,5],[-1,1],[0,4]]
7/15;2/3;[[0,0],[1,0],[0,6],[1,5],[-1,4],[2,3],[-1,5]]
4/9;2/3;[[0,0],[1,0],[0,6],[-1,2],[-2,8],[-2,7]]
23/57;2/3;[[0,0],[2,0],[3,6],[3,7],[1,-4]]
1;1;[[0,0],[2,0],[0,1],[1,2],[10,2]]
2/3;2/3;[[0,0],[1,0],[3,9],[-1,-6],[5,14]]
8/17;2/3;[[0,0],[1,0],[8,11],[-4,-7],[11,15]]
1;1;[[0,0],[1,0],[0,1],[5,2],[13,2]]
2/3;2/3;[[0,0],[1,0],[0,2],[-6,1],[-2,3],[-1,3]]
1;1;[[0,0],[1,0],[0,1],[-10,5],[-12,7]]
2/5;1/2;[[0,0],[1,0],[0,1],[4,4],[6,5],[4,1]]
2/3;2/3;[[0,0],[1,0],[6,9],[-5,-9],[6,8]]
7/15;2/3;[[0,0],[2,0],[1,2],[-1,-4],[0,-6],[-1,-5]]
1/2;2/3;[[0,0],[1,0],[2,5],[0,4],[2,8],[-1,1]]
8/19;1/2;[[0,0],[1,0],[3,7],[4,8],[2,1],[4,5]]
1/2;1/2;[[0,0],[1,0],[0,1],[4,4],[1,3],[4,7],[3,6]]
3/7;2/3;[[0,0],[1,0],[4,11],[-2,-9],[4,10]]
1;1;[[0,0],[3,0],[0,2],[-5,1],[-7,2]]
1;1;[[0,0],[1,0],[4,8],[5,8],[-3,-7]]
16/39;2/3;[[0,0],[1,0],[8,9],[-11,-13],[7,8]]
11/28;1/2;[[0,0],[1,0],[4,7],[3,7],[4,4]]
2/3;2/3;[[0,0],[1,0],[2,3],[-1,2],[0,5],[-1,3],[2,5]]
1;1;[[0,0],[1,0],[0,1],[-10,1],[-11,2],[-9,2]]
10/21;2/3;[[0,0],[1,0],[9,11],[7,7],[3,2]]
9/14;1;[[0,0],[1,0],[2,5],[2,14]]
1/2;1/2;[[0,0],[1,0],[5,8],[6,8],[3,3],[9,14]]
2/5;1/2;[[0,0],[1,0],[5,9],[5,7],[2,1],[4,4]]
2/3;2/3;[[0,0],[1,0],[0,1],[-8,3],[-7,2],[-5,1],[-5,3]]
2/3;2/3;[[0,0],[1,0],[0,2],[1,3],[7,3]]
1;1;[[0,0],[2,0],[0,1],[-8,1],[-10,2],[-5,2]]
4/15;2/3;[[0,0],[1,0],[0,6],[2,-11],[-1,8]]
2/7;2/3;[[0,0],[1,0],[0,6],[2,-11],[-1,7]]
1/2;1/2;[[0,0],[1,0],[3,5],[4,6],[4,1]]
1/2;1/2;[[0,0],[1,0],[1,2],[-2,3],[-3,5],[0,5]]
7/15;2/3;[[0,0],[1,0],[2,5],[0,5],[-1,1],[-1,4]]
1/2;1/2;[[0,0],[3,0],[1,3],[3,1],[2,-2],[0,3],[-1,2]]
7/15;2/3;[[0,0],[2,0],[1,3],[2,-1],[0,-5],[-1,-4]]
2/3;2/3;[[0,0],[1,0],[2,3],[-2,3],[-3,1],[-3,2]]
1;1;[[0,0],[2,0],[1,2],[7,2],[-3,1]]
1;1;[[0,0],[2,0],[0,1],[-8,1],[-11,2],[-6,2]]
3/8;1/2;[[0,0],[1,0],[5,8],[4,7],[5,5]]
4/9;1/2;[[0,0],[1,0],[4,5],[1,3],[4,8],[3,7]]
1/2;1/2;[[0,0],[1,0],[0,1],[-9,4],[-3,1],[-2,2],[-8,3],[-7,4]]
1/2;1/2;[[0,0],[1,0],[2,5],[3,7],[4,8],[3,3],[4,5]]
17/39;2/3;[[0,0],[1,0],[4,10],[-3,-9],[4,11]]
6/13;2/3;[[0,0],[1,0],[2,9],[3,9],[2,4],[3,13]]
7/15;2/3;[[0,0],[1,0],[0,6],[-1,5],[-1,6],[2,4]]
3/8;1/2;[[0,0],[1,0],[7,9],[-5,-8],[11,14]]
7/15;2/3;[[0,0],[1,0],[9,11],[13,15]]
4/9;2/3;[[0,0],[1,0],[2,9],[-1,-10],[-1,-12]]
2/3;2/3;[[0,0],[1,0],[0,1],[6,2],[5,1],[6,3],[1,2],[4,3]]
3/5;1;[[0,0],[1,0],[16,17],[19,20]]
10/21;2/3;[[0,0],[1,0],[6,7],[2,4],[-1,1]]
4/9;1/2;[[0,0],[3,0],[0,2],[-4,3],[2,-1],[-5,3],[3,1]]
1;1;[[0,0],[9,0],[0,1],[8,-1],[-2,1],[5,-1]]
1/2;1/2;[[0,0],[1,0],[0,1],[7,4],[3,4]]
2/3;2/3;[[0,0],[2,0],[1,5],[-1,4],[2,-1],[-1,2]]
2/5;1/2;[[0,0],[1,0],[2,5],[-3,-10],[-3,-8],[-4,-11]]
1/2;2/3;[[0,0],[1,0],[4,6],[1,2],[6,6],[4,3]]
5/9;2/3;[[0,0],[1,0],[1,3],[3,8],[3,1]]
4/9;1/2;[[0,0],[1,0],[0,1],[11,8],[12,9]]
1/3;1/2;[[0,0],[1,0],[0,1],[-2,1],[-16,11]]
1/2;1/2;[[0,0],[2,0],[1,2],[-2,4],[3,-4],[3,-5]]
2/3;2/3;[[0,0],[2,0],[0,3],[1,3],[-3,2],[-4,1]]
3/13;2/3;[[0,0],[2,0],[1,4],[0,-5],[-1,-5]]
1/4;2/3;[[0,0],[2,0],[1,4],[0,-5],[-1,-6]]
25/23;2;[[0,0],[1,0],[1,23]]
3/23;1;[[0,0],[1,0],[2,23]]
3/23;2/3;[[0,0],[1,0],[3,23]]
3/23;1/2;[[0,0],[1,0],[4,23]]
13/22;1;[[0,0],[1,0],[20,21],[2,1]]
3/23;3/7;[[0,0],[1,0],[5,23]]
4/9;2/3;[[0,0],[1,0],[0,6],[-1,5],[2,3],[2,4]]
1/2;1/2;[[0,0],[1,0],[0,1],[6,4],[1,3],[2,4]]
2/3;2/3;[[0,0],[3,0],[0,1],[3,2],[1,3],[1,-3]]
2/5;1/2;[[0,0],[1,0],[2,8],[-1,-7],[1,5],[3,10]]
13/22;1;[[0,0],[11,0],[0,1],[6,-1],[-1,1]]
2/5;1/2;[[0,0],[1,0],[0,1],[5,-7],[2,-5],[3,-7]]
8/19;1/2;[[0,0],[1,0],[4,9],[-2,-7],[5,11],[5,10]]
4/9;2/3;[[0,0],[1,0],[3,10],[2,9],[3,7]]
2/5;1/2;[[0,0],[1,0],[3,5],[2,5],[-5,-13]]
3/7;1/2;[[0,0],[1,0],[0,1],[6,4],[7,5],[1,3]]
2/3;2/3;[[0,0],[1,0],[2,3],[-7,-12],[-10,-16]]
2/3;2/3;[[0,0],[3,0],[0,3],[1,-2],[2,3],[3,2]]
2/3;2/3;[[0,0],[1,0],[3,9],[3,6],[4,10],[-1,-5]]
1/2;1/2;[[0,0],[1,0],[1,4],[-2,-9],[2,5],[-1,-8]]
4/9;2/3;[[0,0],[1,0],[6,7],[5,3],[6,4]]
17/63;1/2;[[0,0],[1,0],[6,7],[2,5]]
11/35;1/2;[[0,0],[1,0],[4,8],[-4,-11],[2,5]]
2/3;2/3;[[0,0],[1,0],[3,5],[0,1],[1,3],[4,3],[5,5]]
5/11;2/3;[[0,0],[2,0],[0,3],[3,4],[1,-3]]
2/3;2/3;[[0,0],[1,0],[3,6],[2,1],[5,7],[5,9]]
4/9;2/3;[[0,0],[1,0],[4,5],[6,6],[1,3],[-1,1]]
1/2;1/2;[[0,0],[1,0],[3,4],[4,4],[-3,1]]
2/3;2/3;[[0,0],[1,0],[0,1],[1,5],[2,2],[2,7],[3,6],[3,8]]
2/7;2/3;[[0,0],[1,0],[2,5],[1,7],[-1,-9]]
2/3;2/3;[[0,0],[1,0],[3,7],[2,2],[6,12],[6,13]]
4/7;1;[[0,0],[1,0],[10,19],[-1,-4]]
1/2;1/2;[[0,0],[1,0],[0,1],[-5,4],[-3,1],[-8,4],[-5,2]]
4/17;2/3;[[0,0],[1,0],[0,7],[-1,13],[2,-9]]
4/9;1/2;[[0,0],[2,0],[3,4],[3,3],[1,3],[0,-3],[-1,-4]]
2/3;2/3;[[0,0],[2,0],[0,1],[-5,3],[-4,1],[-9,3],[-7,2]]
5/13;1/2;[[0,0],[1,0],[8,10],[7,10],[6,7],[9,12]]
2/3;2/3;[[0,0],[1,0],[0,2],[3,8],[3,11]]
7/15;2/3;[[0,0],[1,0],[3,10],[3,5],[2,1]]
1/2;1/2;[[0,0],[1,0],[0,3],[-2,3],[1,1],[-1,1],[-4,9]]
3/7;1/2;[[0,0],[1,0],[0,1],[-2,1],[-9,6],[-7,6]]
2/5;1/2;[[0,0],[1,0],[5,8],[4,7],[6,8],[4,4]]
1/2;1/2;[[0,0],[1,0],[4,10],[-1,-3],[3,5],[4,11],[2,2]]
1/2;1/2;[[0,0],[2,0],[4,5],[3,5],[4,3],[1,3]]
2/3;2/3;[[0,0],[1,0],[5,7],[2,1],[7,8],[5,5],[8,10]]
2/3;2/3;[[0,0],[6,0],[0,1],[5,-2],[-1,1],[3,-2]]
1;1;[[0,0],[1,0],[2,4],[5,8],[-5,-11]]
7/15;2/3;[[0,0],[1,0],[2,7],[1,6],[2,8],[-1,-7],[0,-5]]
3/7;2/3;[[0,0],[1,0],[1,2],[8,13],[-3,-7]]
1/2;1/2;[[0,0],[2,0],[0,1],[-3,2],[11,-6],[10,-6]]
1/2;2/3;[[0,0],[1,0],[0,7],[-1,8],[-1,9],[2,1]]
3/13;2/3;[[0,0],[1,0],[7,13],[5,7]]
8/19;1/2;[[0,0],[2,0],[3,4],[-1,-5],[4,5],[4,4]]
5/8;1;[[0,0],[1,0],[8,9],[15,16]]
1;1;[[0,0],[1,0],[12,13],[3,2],[15,16]]
1/2;1/2;[[0,0],[1,0],[6,7],[-4,-6],[4,4],[-5,-7],[7,9],[6,8]]
1;1;[[0,0],[1,0],[6,10],[5,10],[7,13]]
1/2;1/2;[[0,0],[1,0],[3,7],[4,9],[4,6],[2,1],[3,3]]
1/2;1/2;[[0,0],[1,0],[4,8],[0,-2],[3,8],[4,7],[-1,-3]]
2/5;1/2;[[0,0],[1,0],[3,5],[1,4],[4,5],[-1,2]]
6/13;2/3;[[0,0],[1,0],[2,7],[1,6],[-1,-9],[2,5]]
2/5;1/2;[[0,0],[1,0],[1,5],[3,7],[-1,1],[-1,2]]
14/33;2/3;[[0,0],[1,0],[6,11],[6,9],[4,5]]
7/15;2/3;[[0,0],[1,0],[0,6],[2,4],[-1,3],[-1,4]]
1/2;1/2;[[0,0],[1,0],[2,8],[3,11],[4,12],[4,13]]
1;1;[[0,0],[10,0],[0,1],[9,-1],[-1,1],[7,-1]]
5/18;1/2;[[0,0],[3,0],[0,2],[5,-3],[-4,3]]
15/44;1/2;[[0,0],[1,0],[3,11],[4,11],[0,-1]]
1;1;[[0,0],[1,0],[2,4],[3,4],[-7,-15]]
5/13;1/2;[[0,0],[1,0],[7,10],[6,7],[4,4],[9,12]]
1/2;1/2;[[0,0],[1,0],[0,3],[-1,4],[-2,1],[-3,2],[-4,4]]
5/11;2/3;[[0,0],[1,0],[3,11],[3,5]]
2/7;1/2;[[0,0],[1,0],[6,13],[-3,-10]]
1/2;1/2;[[0,0],[1,0],[0,1],[4,9],[4,11],[5,13]]
2/3;2/3;[[0,0],[1,0],[0,2],[-4,1],[-5,3],[-5,2],[-2,3]]
4/9;2/3;[[0,0],[1,0],[7,12],[8,13],[3,3]]
4/11;1/2;[[0,0],[1,0],[7,10],[8,11],[5,5]]
5/18;1/2;[[0,0],[1,0],[3,9],[2,9],[-1,-5]]
1/2;2/3;[[0,0],[1,0],[0,1],[2,4],[4,3],[6,6]]
1/2;1/2;[[0,0],[2,0],[1,3],[4,5],[0,2],[1,-2]]
2/3;2/3;[[0,0],[1,0],[0,5],[-1,3],[2,3],[-1,4],[2,5]]
1/3;1/2;[[0,0],[1,0],[3,4],[11,13],[-3,-5]]
1;1;[[0,0],[1,0],[1,9],[2,9],[0,-1],[2,5]]
2/5;1/2;[[0,0],[2,0],[5,7],[0,1],[1,-2]]
1/3;1/2;[[0,0],[1,0],[3,5],[4,4],[6,9],[6,7]]
5/18;1/2;[[0,0],[1,0],[7,11],[-6,-10],[-5,-8]]
2/5;1/2;[[0,0],[1,0],[0,4],[2,5],[-2,1],[-2,2]]
3/5;1;[[0,0],[10,0],[0,1],[4,-1],[1,-1]]
2/5;1/2;[[0,0],[2,0],[0,1],[7,-3],[4,-3],[10,-5]]
2/5;1/2;[[0,0],[1,0],[3,7],[-1,-6],[-3,-8]]
1;1;[[0,0],[4,0],[0,1],[-7,1],[-11,2],[-6,2]]
3/7;2/3;[[0,0],[7,0],[0,1],[5,-2],[4,-2]]
1/2;1/2;[[0,0],[1,0],[0,1],[2,1],[4,5],[2,5],[4,4],[1,4]]
1/2;1/2;[[0,0],[1,0],[6,8],[7,8],[10,13],[11,14]]
2/5;1/2;[[0,0],[2,0],[1,4],[0,5],[-2,1]]
12/35;1/2;[[0,0],[1,0],[2,7],[3,4],[4,7]]
3/5;1;[[0,0],[10,0],[0,1],[9,-1],[6,-1]]
2/3;2/3;[[0,0],[1,0],[5,11],[2,2],[8,17]]
10/39;2/3;[[0,0],[1,0],[2,11],[-1,-12]]
13/22;1;[[0,0],[11,0],[0,1],[3,-1],[-1,1]]
5/9;2/3;[[0,0],[2,0],[2,6],[3,6],[3,1]]
1/2;1/2;[[0,0],[1,0],[0,1],[4,5],[3,6],[6,9]]
4/11;1/2;[[0,0],[1,0],[3,10],[-1,-7],[4,12]]
1/2;1/2;[[0,0],[1,0],[3,4],[4,4],[0,3],[-2,1]]
8/19;1/2;[[0,0],[1,0],[3,10],[-1,-7],[3,8],[4,13]]
1/2;1/2;[[0,0],[1,0],[1,2],[4,1],[2,3],[5,2],[5,4],[4,4]]
2/3;2/3;[[0,0],[1,0],[0,2],[-4,3],[-4,1],[-5,2],[-1,3]]
10/21;2/3;[[0,0],[1,0],[1,2],[-2,5],[0,7]]
7/15;2/3;[[0,0],[1,0],[1,5],[3,5],[3,1]]
1/2;1/2;[[0,0],[1,0],[0,1],[4,4],[4,2],[1,4]]
7/15;2/3;[[0,0],[1,0],[3,9],[1,5],[3,5]]
8/19;1/2;[[0,0],[1,0],[6,13],[-2,-7],[7,15]]
7/15;2/3;[[0,0],[1,0],[7,9],[5,5],[11,13]]
1/2;1/2;[[0,0],[1,0],[3,7],[4,9],[3,3],[4,5]]
5/14;1/2;[[0,0],[1,0],[3,7],[3,3],[5,7]]
1/2;1/2;[[0,0],[1,0],[1,3],[2,1],[3,6],[4,7],[4,4]]
11/18;1;[[0,0],[9,0],[0,1],[8,-1],[3,-1]]
2/3;2/3;[[0,0],[1,0],[4,11],[-2,-7],[-1,-3],[-1,-6]]
3/10;3/7;[[0,0],[4,0],[1,2],[0,-3],[-1,-3]]
1;1;[[0,0],[10,0],[0,1],[5,-1],[-1,1],[3,-1]]
2/3;2/3;[[0,0],[1,0],[0,3],[-4,3],[-4,1]]
1;1;[[0,0],[1,0],[0,1],[-9,1],[-10,2],[-6,2]]
2/5;1/2;[[0,0],[1,0],[4,9],[-3,-10],[4,8],[5,11]]
3/7;1/2;[[0,0],[1,0],[0,4],[-1,5],[-3,3],[-3,2]]
2/5;1/2;[[0,0],[1,0],[3,6],[-2,-7],[2,5],[-3,-8],[3,5]]
2/5;1/2;[[0,0],[2,0],[2,5],[1,4],[4,3]]
1/2;1/2;[[0,0],[1,0],[2,4],[-1,4],[-2,2],[-2,3]]
11/18;1;[[0,0],[1,0],[1,9],[2,11],[2,6]]
3/5;3/5;[[0,0],[1,0],[0,3],[5,8]]
27/95;3/7;[[0,0],[1,0],[11,13],[-7,-10]]
1/2;1/2;[[0,0],[1,0],[4,9],[5,11],[2,1],[3,3]]
4/9;1/2;[[0,0],[1,0],[4,5],[3,6],[1,3],[6,9]]
4/9;2/3;[[0,0],[1,0],[8,9],[7,9],[9,11],[6,6]]
1/2;1/2;[[0,0],[1,0],[1,3],[3,4],[3,1],[5,4],[5,3]]
1/2;1/2;[[0,0],[1,0],[3,8],[1,4],[-1,-5],[4,9]]
1;1;[[0,0],[1,0],[0,1],[-7,1],[-10,2],[-2,2]]
1/2;1/2;[[0,0],[1,0],[0,1],[2,4],[4,5],[3,5],[4,3],[3,1]]
2;2;[[0,0],[2,0],[0,1],[-21,1]]
1/2;1/2;[[0,0],[1,0],[0,1],[1,2],[7,4],[9,6]]
1/2;2/3;[[0,0],[1,0],[2,7],[3,10],[3,4]]
5/22;1/2;[[0,0],[2,0],[3,4],[-2,-5],[-3,-5]]
7/15;2/3;[[0,0],[1,0],[4,9],[3,4],[6,11]]
8/19;1/2;[[0,0],[1,0],[3,11],[-1,-8],[-1,-10]]
2/3;2/3;[[0,0],[1,0],[7,9],[8,9],[2,1],[10,12]]
1/2;1/2;[[0,0],[1,0],[7,8],[6,8],[-5,-7]]
1;1;[[0,0],[1,0],[16,17],[2,1],[18,19]]
5/12;1/2;[[0,0],[2,0],[3,4],[1,3],[5,2]]
24/85;1/2;[[0,0],[2,0],[0,5],[-1,7],[3,-4]]
2/3;2/3;[[0,0],[2,0],[0,1],[-5,1],[-8,3],[-11,3]]
3/10;1/2;[[0,0],[4,0],[2,3],[1,-2],[1,3]]
27/95;3/7;[[0,0],[1,0],[6,13],[7,16],[-1,-5]]
1/2;1/2;[[0,0],[1,0],[0,4],[-2,6],[-1,7],[-3,10],[-3,11]]
1;1;[[0,0],[1,0],[0,1],[-9,1],[-11,2],[-7,2]]
7/20;1/2;[[0,0],[5,0],[0,1],[3,-3],[2,-3]]
1;1;[[0,0],[1,0],[1,8],[2,8],[0,-2],[2,3]]
2/3;2/3;[[0,0],[1,0],[4,6],[3,5],[4,3],[6,6]]
10/21;2/3;[[0,0],[1,0],[7,9],[3,2],[7,7]]
3/7;2/3;[[0,0],[1,0],[1,7],[3,7],[3,6]]
2/3;2/3;[[0,0],[1,0],[0,1],[2,-8],[3,-8],[3,-7],[1,-6]]
5/9;2/3;[[0,0],[1,0],[3,8],[0,5]]
5/21;2/3;[[0,0],[1,0],[0,7],[-1,12],[2,-9]]
10/17;1;[[0,0],[1,0],[6,11],[-5,-12]]
9/20;1/2;[[0,0],[1,0],[5,8],[5,5],[4,3]]
4/9;2/3;[[0,0],[1,0],[0,6],[-1,4],[2,3],[2,4]]
11/42;1/2;[[0,0],[2,0],[1,3],[-1,6],[3,-4]]
1/2;1/2;[[0,0],[1,0],[0,1],[4,6],[4,5],[2,6]]
1/2;1/2;[[0,0],[1,0],[7,8],[-8,-11],[-7,-10],[8,9]]
8/33;3/7;[[0,0],[1,0],[5,9],[-1,1]]
2/3;2/3;[[0,0],[1,0],[2,3],[4,1],[8,3]]
3/5;3/5;[[0,0],[3,0],[0,1],[-4,1],[-16,5]]
1;1;[[0,0],[1,0],[1,9],[2,9],[0,-2],[2,6]]
8/19;1/2;[[0,0],[1,0],[3,7],[-3,-9],[-2,-5],[-5,-13]]
14/33;2/3;[[0,0],[2,0],[1,3],[2,-5],[3,-4],[3,-6]]
5/12;2/3;[[0,0],[1,0],[6,8],[9,13],[-5,-9]]
1/2;2/3;[[0,0],[1,0],[2,3],[3,1],[8,6]]
2/5;1/2;[[0,0],[1,0],[6,8],[-6,-9],[-8,-11]]
9/23;1/2;[[0,0],[1,0],[3,8],[4,8],[5,11],[5,13]]
1;1;[[0,0],[1,0],[8,9],[4,3],[12,13]]
1/2;1/2;[[0,0],[2,0],[3,5],[-1,-3],[0,-4],[-1,-2]]
1/2;2/3;[[0,0],[1,0],[5,6],[7,7],[6,7],[3,1]]
2;2;[[0,0],[4,0],[0,1],[-19,1]]
1;1;[[0,0],[9,0],[0,1],[6,-1],[-2,1],[3,-1]]
1/2;2/3;[[0,0],[1,0],[0,1],[-14,13],[-20,18]]
1/2;1/2;[[0,0],[1,0],[0,1],[-8,4],[-7,3],[-3,3],[-5,4]]
10/21;2/3;[[0,0],[1,0],[1,2],[-2,-7],[0,-7]]
1;1;[[0,0],[3,0],[1,2],[6,2],[-3,1]]
3/7;1/2;[[0,0],[2,0],[3,4],[3,2],[-1,-4],[1,3]]
2/3;2/3;[[0,0],[1,0],[0,1],[-2,1],[-4,4],[-6,4],[-10,8]]
2/3;2/3;[[0,0],[1,0],[2,3],[7,9],[-7,-11]]
1;1;[[0,0],[1,0],[1,2],[4,6],[-7,-15]]
2/5;1/2;[[0,0],[1,0],[0,5],[2,3],[-2,3]]
1/2;1/2;[[0,0],[1,0],[1,4],[3,1],[4,4],[4,2]]
3/7;2/3;[[0,0],[7,0],[0,2],[3,-1],[-1,2]]
3/7;2/3;[[0,0],[7,0],[0,1],[3,-2],[2,-2]]
2/5;1/2;[[0,0],[1,0],[3,5],[4,5],[-4,-8],[-5,-9],[-6,-11]]
1/2;1/2;[[0,0],[1,0],[2,3],[-4,1],[2,4]]
2/3;2/3;[[0,0],[1,0],[1,2],[5,1],[4,3],[7,3]]
2/3;2/3;[[0,0],[5,0],[0,2],[5,1],[-1,2],[2,-1],[1,-1]]
1;1;[[0,0],[1,0],[3,5],[-4,-8],[-4,-10]]
10/21;2/3;[[0,0],[1,0],[2,7],[3,9],[3,5],[2,1]]
13/22;1;[[0,0],[11,0],[0,1],[9,-1],[-1,1]]
1/2;1/2;[[0,0],[1,0],[0,3],[-3,5],[-2,1],[-2,5],[-3,3]]
1;1;[[0,0],[10,0],[0,1],[8,-1],[-1,1],[6,-1]]
5/12;1/2;[[0,0],[1,0],[0,1],[2,6],[4,6],[3,3]]
1/2;1/2;[[0,0],[1,0],[2,5],[1,4],[3,2],[4,5],[4,4]]
1/2;1/2;[[0,0],[1,0],[2,4],[4,4],[-1,2],[-2,1]]
2/5;1/2;[[0,0],[1,0],[2,7],[-1,-4],[0,-5],[-2,-9]]
1/2;1/2;[[0,0],[1,0],[4,6],[0,-1],[4,4],[1,3],[3,6],[2,5]]
2/3;2/3;[[0,0],[1,0],[0,3],[-3,1],[-4,3],[-5,2]]
1/2;1/2;[[0,0],[1,0],[0,1],[-4,4],[-3,1],[-7,4],[-6,3]]
1/2;1/2;[[0,0],[1,0],[5,8],[7,10],[2,1],[4,4]]
1/2;1/2;[[0,0],[1,0],[4,5],[-5,-8],[-7,-10],[-6,-8]]
5/12;1/2;[[0,0],[1,0],[2,3],[5,4],[5,1]]
24/85;1/2;[[0,0],[1,0],[3,13],[-1,-10]]
4/9;2/3;[[0,0],[1,0],[0,6],[-1,11],[2,-9],[2,-7]]
1/2;1/2;[[0,0],[4,0],[0,2],[4,-3],[3,-3]]
4/9;2/3;[[0,0],[1,0],[2,9],[3,9],[3,11],[2,3]]
1;1;[[0,0],[1,0],[8,9],[3,2],[13,14]]
13/22;1;[[0,0],[11,0],[0,1],[10,-1],[-1,1]]
2/3;2/3;[[0,0],[1,0],[1,2],[-3,3],[-3,6]]
2/3;2/3;[[0,0],[2,0],[0,1],[5,2],[6,3],[1,3]]
2/3;2/3;[[0,0],[1,0],[0,3],[-3,2],[2,3],[-4,1]]
3/7;1/2;[[0,0],[1,0],[4,6],[2,5],[1,4],[4,4]]
4/9;2/3;[[0,0],[1,0],[2,9],[-1,-12],[2,7]]
1/2;1/2;[[0,0],[1,0],[3,5],[5,8],[3,2],[5,5]]
2/3;2/3;[[0,0],[1,0],[2,4],[0,-3],[-4,-11],[-4,-10]]
7/15;2/3;[[0,0],[1,0],[0,1],[-2,1],[-8,6],[-6,6]]
1/2;1/2;[[0,0],[1,0],[2,3],[3,9],[-2,-8],[3,10]]
1/2;1/2;[[0,0],[4,0],[0,1],[5,2],[6,2],[1,-2]]
7/15;2/3;[[0,0],[1,0],[0,1],[2,3],[1,6],[2,8],[3,8]]
7/15;2/3;[[0,0],[1,0],[5,7],[5,5],[9,11]]
11/19;1;[[0,0],[1,0],[8,15],[-3,-8]]
9/26;1/2;[[0,0],[1,0],[3,11],[-2,-10],[-1,-4]]
1/2;2/3;[[0,0],[1,0],[4,5],[2,1],[7,7],[9,11]]
12/49;1/2;[[0,0],[1,0],[8,11],[8,12],[3,5]]
2/3;2/3;[[0,0],[1,0],[9,10],[-7,-9],[-6,-8],[6,6],[10,11]]
4/9;2/3;[[0,0],[6,0],[0,1],[4,-1],[5,1],[2,2],[3,2]]
2/3;2/3;[[0,0],[1,0],[2,4],[3,3],[6,10],[7,11]]
1;1;[[0,0],[10,0],[0,1],[4,-1],[-1,1],[2,-1]]
5/22;1/2;[[0,0],[1,0],[4,13],[2,1]]
4/9;2/3;[[0,0],[1,0],[5,9],[7,11],[3,3]]
1/2;1/2;[[0,0],[1,0],[3,8],[4,10],[4,7],[3,4]]
4/11;1/2;[[0,0],[1,0],[4,11],[4,7]]
2/5;1/2;[[0,0],[1,0],[4,7],[-1,-3],[3,7],[4,5]]
1/2;2/3;[[0,0],[1,0],[4,8],[3,4],[-3,-7],[4,9]]
2;2;[[0,0],[3,0],[0,1],[-20,1]]
2/5;1/2;[[0,0],[1,0],[2,6],[-1,3],[-2,1]]
1/2;1/2;[[0,0],[1,0],[1,4],[4,4],[-1,3]]
1/2;1/2;[[0,0],[3,0],[0,1],[8,-2],[8,-3],[4,-2],[10,-3]]
2/3;2/3;[[0,0],[1,0],[0,1],[-16,14],[-18,16]]
4/9;1/2;[[0,0],[1,0],[1,5],[-1,1],[3,6],[3,7]]
1/2;2/3;[[0,0],[1,0],[8,9],[9,10],[3,1]]
1/2;1/2;[[0,0],[1,0],[0,2],[4,7],[2,1],[4,8]]
13/22;1;[[0,0],[11,0],[0,1],[8,-1],[-1,1]]
2/3;2/3;[[0,0],[1,0],[4,9],[2,2],[6,12],[7,15]]
1/2;1/2;[[0,0],[1,0],[2,7],[-1,-8],[-1,-4],[-2,-10]]
1/2;1/2;[[0,0],[1,0],[1,3],[4,5],[4,2],[3,5]]
4/9;1/2;[[0,0],[1,0],[0,1],[-8,3],[-10,5],[-6,2]]
1/2;1/2;[[0,0],[1,0],[1,4],[2,4],[-2,1],[-3,2]]
8/19;2/3;[[0,0],[1,0],[8,11],[-7,-12]]
4/9;2/3;[[0,0],[1,0],[6,7],[6,6],[-4,-5],[-5,-7],[-6,-8]]
1/2;1/2;[[0,0],[2,0],[1,2],[-3,2],[-3,1],[-1,4]]
2/5;1/2;[[0,0],[1,0],[0,5],[-3,5],[-3,4]]
2/3;2/3;[[0,0],[1,0],[0,1],[3,8],[3,5],[2,7],[1,5]]
13/22;1;[[0,0],[11,0],[0,1],[7,-1],[-1,1]]
5/9;2/3;[[0,0],[2,0],[2,6],[3,2],[3,7]]
1/2;1/2;[[0,0],[1,0],[4,5],[5,6],[4,4],[-6,-8],[-7,-10]]
2/5;1/2;[[0,0],[1,0],[4,5],[2,5],[1,4],[-1,1]]
2/3;2/3;[[0,0],[1,0],[1,6],[0,-1],[3,6],[3,4]]
1;1;[[0,0],[4,0],[0,1],[1,2],[8,2]]
4/9;2/3;[[0,0],[1,0],[2,8],[-1,-9],[1,6],[2,6]]
2/5;1/2;[[0,0],[1,0],[4,7],[3,3],[6,10],[6,8]]
9/25;1/2;[[0,0],[1,0],[2,5],[4,7],[5,10],[5,12]]
7/15;2/3;[[0,0],[1,0],[3,7],[1,5],[3,3]]
7/15;2/3;[[0,0],[1,0],[0,5],[-1,2],[-2,6],[-2,9]]
7/15;2/3;[[0,0],[1,0],[2,6],[2,7],[1,6],[0,-5],[-1,-7]]
7/15;2/3;[[0,0],[5,0],[1,2],[2,-1],[5,1],[-1,2]]
1/2;1/2;[[0,0],[1,0],[2,4],[-1,4],[-2,1]]
1/2;1/2;[[0,0],[1,0],[6,7],[-4,-6],[4,4],[7,9],[5,7]]
1;1;[[0,0],[1,0],[8,9],[2,1],[14,15]]
2/3;2/3;[[0,0],[1,0],[0,1],[3,-7],[2,-7],[3,-3]]
9/25;3/7;[[0,0],[1,0],[3,5],[-1,3],[-2,2]]
2/3;2/3;[[0,0],[1,0],[5,7],[2,1],[0,1],[3,5],[5,5]]
2/3;2/3;[[0,0],[1,0],[0,3],[-5,3],[-5,2]]
7/27;2/3;[[0,0],[1,0],[2,11],[2,5],[3,12]]
1;1;[[0,0],[2,0],[1,5],[1,-4],[0,2],[2,3]]
2/3;2/3;[[0,0],[3,0],[0,2],[-4,3],[-3,3],[-4,1]]
2/3;2/3;[[0,0],[1,0],[1,3],[3,3],[-2,1],[4,1]]
1/3;1/2;[[0,0],[1,0],[6,7],[-5,-8],[10,13]]
7/15;2/3;[[0,0],[3,0],[2,3],[-4,1]]
2/3;2/3;[[0,0],[2,0],[0,3],[-4,3],[-3,1]]
11/18;1;[[0,0],[9,0],[0,1],[7,-1],[2,-1]]
1/2;2/3;[[0,0],[3,0],[0,1],[9,2],[10,3]]
2/5;1/2;[[0,0],[1,0],[3,7],[-3,-10],[-3,-9],[-2,-5]]
3/5;1;[[0,0],[1,0],[1,10],[2,10],[2,7]]
1/2;1/2;[[0,0],[1,0],[0,1],[-4,3],[-5,5],[-14,11]]
2/3;2/3;[[0,0],[1,0],[3,8],[-2,-8],[2,3],[-1,-3],[-3,-10]]
7/17;2/3;[[0,0],[1,0],[5,14],[-2,-9]]
15/68;3/7;[[0,0],[1,0],[5,7],[-9,-16]]
2/3;2/3;[[0,0],[1,0],[5,6],[4,6],[-7,-11]]
4/9;1/2;[[0,0],[1,0],[12,14],[-4,-6],[13,15]]
4/9;1/2;[[0,0],[1,0],[0,2],[-5,2],[-1,3],[-3,4]]
2/3;2/3;[[0,0],[1,0],[3,9],[5,12],[5,13]]
1/2;1/2;[[0,0],[1,0],[0,1],[3,5],[2,6],[4,8],[4,10]]
11/18;1;[[0,0],[1,0],[1,9],[2,10],[2,5]]
1;1;[[0,0],[1,0],[1,10],[2,10],[0,-1],[2,8]]
4/9;2/3;[[0,0],[1,0],[2,12],[-1,-9],[2,13]]
7/15;2/3;[[0,0],[1,0],[1,6],[0,5],[2,5],[2,6],[-1,3]]
17/55;1/2;[[0,0],[2,0],[1,2],[5,5],[-1,-4]]
7/15;2/3;[[0,0],[1,0],[2,3],[5,5],[6,8],[9,11]]
2/3;2/3;[[0,0],[1,0],[3,5],[2,1],[8,10]]
7/20;1/2;[[0,0],[2,0],[0,3],[5,-7],[-1,2]]
13/35;1/2;[[0,0],[1,0],[5,7],[5,4],[4,2]]
13/35;1/2;[[0,0],[1,0],[5,7],[5,4],[3,1]]
4/9;1/2;[[0,0],[1,0],[0,4],[-2,3],[-3,7],[-3,5]]
22/51;2/3;[[0,0],[1,0],[10,17],[4,5]]
5/13;1/2;[[0,0],[1,0],[3,10],[4,10],[2,3],[4,12]]
10/21;2/3;[[0,0],[1,0],[3,8],[2,7],[3,3]]
1/3;1/2;[[0,0],[1,0],[6,11],[3,2]]
5/19;1/2;[[0,0],[1,0],[3,5],[-7,-18]]
1/2;1/2;[[0,0],[1,0],[7,8],[3,4],[7,9],[-5,-7]]
2/5;1/2;[[0,0],[1,0],[2,7],[-2,-15],[2,6]]
1/2;1/2;[[0,0],[1,0],[0,1],[9,2],[15,4]]
3/8;1/2;[[0,0],[1,0],[7,8],[-8,-11],[-6,-9]]
5/22;1/2;[[0,0],[1,0],[3,11],[4,12],[3,7]]
1;1;[[0,0],[1,0],[1,2],[6,10],[-5,-11]]
2/3;2/3;[[0,0],[1,0],[1,2],[4,1],[3,3],[8,3]]
1/2;1/2;[[0,0],[1,0],[2,7],[2,3],[4,11],[4,13]]
1/2;2/3;[[0,0],[1,0],[6,16],[8,21]]
1;1;[[0,0],[1,0],[5,9],[-3,-7],[2,4],[6,10]]
1/4;1/2;[[0,0],[2,0],[5,6],[-1,-4],[5,5]]
1;1;[[0,0],[1,0],[0,1],[-8,1],[-11,2],[-5,2]]
1/2;1/2;[[0,0],[1,0],[4,5],[-3,-4],[-8,-12],[-7,-10]]
1;1;[[0,0],[9,0],[0,1],[8,-1],[-1,1],[4,-1]]
1/3;1/2;[[0,0],[1,0],[0,4],[-2,3],[-1,6],[-3,6]]
2/3;1;[[0,0],[1,0],[0,1],[-22,12]]
2;2;[[0,0],[1,0],[0,1],[-22,1]]
9/26;1/2;[[0,0],[1,0],[9,11],[-7,-10],[7,8]]
4/9;1/2;[[0,0],[1,0],[0,1],[4,-4],[1,-4],[5,-6]]
2/5;1/2;[[0,0],[5,0],[1,2],[5,-2],[4,1],[2,2]]
1;1;[[0,0],[1,0],[3,6],[4,6],[-5,-11]]
3/11;1/2;[[0,0],[1,0],[3,9],[-3,-11],[3,10]]
2/3;2/3;[[0,0],[1,0],[3,7],[0,-2],[2,7],[3,5],[1,5]]
12/35;1/2;[[0,0],[1,0],[6,7],[5,7],[3,1]]
1/3;1/2;[[0,0],[2,0],[5,7],[5,8],[1,-2]]
1;1;[[0,0],[1,0],[12,13],[2,1],[16,17]]
1/2;1/2;[[0,0],[1,0],[4,9],[6,13],[2,1]]
3/7;2/3;[[0,0],[7,0],[0,2],[2,-1],[-1,2]]
8/19;1/2;[[0,0],[2,0],[4,5],[-1,-5],[5,6]]
1/2;1/2;[[0,0],[1,0],[0,2],[-3,1],[-4,4],[-5,4],[-5,3]]
10/21;2/3;[[0,0],[1,0],[5,7],[3,2],[7,7]]
3/8;1/2;[[0,0],[2,0],[3,5],[-1,-6],[3,4]]
1/2;2/3;[[0,0],[1,0],[2,5],[-1,2],[2,8]]
7/18;1/2;[[0,0],[2,0],[1,4],[-2,1],[-3,2]]
1/2;1/2;[[0,0],[1,0],[0,1],[5,3],[6,4],[2,4]]
2;2;[[0,0],[10,0],[0,1],[-13,1]]
7/15;2/3;[[0,0],[1,0],[0,6],[-1,4],[2,4],[-1,5]]
2/7;1/2;[[0,0],[2,0],[3,4],[-1,-5],[1,3]]
5/12;1/2;[[0,0],[1,0],[4,9],[2,1],[4,5]]
1/2;1/2;[[0,0],[1,0],[1,2],[4,6],[4,1]]
2/3;2/3;[[0,0],[1,0],[0,1],[4,1],[6,2],[1,2],[3,3],[7,3]]
2/5;1/2;[[0,0],[1,0],[0,5],[-1,5],[3,-13]]
1;1;[[0,0],[1,0],[3,5],[-3,-6],[-5,-12]]
13/22;1;[[0,0],[11,0],[0,1],[5,-1],[-1,1]]
2/7;2/3;[[0,0],[1,0],[2,6],[1,7],[-1,-9]]
3/5;1;[[0,0],[1,0],[2,15],[2,7]]
22/91;1/2;[[0,0],[1,0],[10,13],[8,9]]
3/7;1/2;[[0,0],[2,0],[3,4],[6,1]]
2/3;2/3;[[0,0],[1,0],[2,3],[5,5],[3,4],[6,5],[4,2],[6,4]]
3/7;1/2;[[0,0],[1,0],[0,2],[-4,3],[-4,1],[-3,4]]
2/3;2/3;[[0,0],[3,0],[2,3],[3,2],[0,2],[1,-2],[2,-2]]
